   53234.093220      -0.0000         -nan       0.0000         -nan      -nan
   53235.002552      -0.0000         -nan       0.0000         -nan      -nan
   53235.967716   -3127.2588    1011.7988   -3149.7152    1011.8198    0.5087
   53239.065163    1325.8827     779.8866    1311.7128     779.9040    0.3105
   53240.063021      -0.0000         -nan       0.0000         -nan      -nan
   53242.104698      -0.0000         -nan       0.0000         -nan      -nan
   53234.093220      -0.0000         -nan       0.0000         -nan      -nan
   53235.002552      -0.0000         -nan       0.0000         -nan      -nan
   53235.967716   -3127.2588    1011.7988   -3149.7152    1011.8198    0.5087
   53239.065163    1325.8827     779.8866    1311.7128     779.9040    0.3105
   53240.063021      -0.0000         -nan       0.0000         -nan      -nan
   53242.104698      -0.0000         -nan       0.0000         -nan      -nan
   53248.931967      -0.0000         -nan       0.0000         -nan      -nan
   53249.066072      -0.0000         -nan       0.0000         -nan      -nan
   53250.063664      -0.0000         -nan       0.0000         -nan      -nan
   53254.179723    2311.4900     983.0370    2287.6975     983.0574    0.4662
   53254.924382      -0.0153         -nan     122.6883     134.5202    0.0732
   53256.970338     -30.9494         -nan    2729.7757     877.1684    0.4652
   53257.912489      -0.2684         -nan    1192.5820     481.3085    0.3846
   53259.066294      -0.0000         -nan       0.0000         -nan      -nan
   53259.978942      -0.0000         -nan       0.0000         -nan      -nan
   53260.118090     633.7335     809.2006     616.5653     809.2131    0.1170
   53262.913202    4838.0758     786.2856    4830.4367     786.2918    0.7059
   53272.076350    1270.6534     820.7951    1260.9164     820.8089    0.3555
   53282.066447      80.1106     734.6937      71.3987     734.7219    0.0222
   53284.086970      -0.0000         -nan       0.0000         -nan      -nan
   53285.064767     761.7273     737.1702     746.9649     737.2071    0.2579
   53293.953793   -1406.6920     691.5473   -1417.9240     691.5955    0.4173
   53294.899228   -2343.6312     741.8397   -2356.7632     741.8822    0.5704
   53295.066034   -3514.0881     807.2019   -3543.4224     807.2399    0.5049
   53300.920510    -761.7773     836.4428    -768.0122     836.4568    0.2969
   53301.065440      -0.0000         -nan       0.0000         -nan      -nan
   53302.921923    -491.0868     958.2087    -502.2933     958.2221    0.1225
   53303.067142   -3012.2318     976.2730   -3034.3703     976.2973    0.5428
   53303.978711   -2200.9635     696.1575   -2214.2424     696.1916    0.3704
   53304.064705   -1815.9950     728.9663   -1838.0096     729.0104    0.3695
   53304.939783    -323.8379     817.1390    -360.9700     817.1705    0.0515
   53305.065633   -1608.2417     837.2747   -1687.8138     837.3524    0.1880
   53324.907129   -2411.6683    1111.7127   -2419.4247    1111.7314    0.4729
   53324.913853   -2361.8681    1064.3479   -2372.4783    1064.3644    0.4377
   53324.920452      -0.0000         -nan       0.0000         -nan      -nan
   53324.927040      -0.0000         -nan       0.0000         -nan      -nan
   53324.933680      -0.0000         -nan       0.0000         -nan      -nan
   53340.898429    1137.9307     992.2641    1116.8815     992.2840    0.2442
   53346.903001   -2527.5582     933.0287   -2535.7595     933.0438    0.6399
   53346.915925    -741.9570     879.9085    -758.4689     879.9280    0.1948
   53346.924944    -766.6016     875.9158    -776.6894     875.9273    0.2256
   53347.903977   -1235.9387     835.5099   -1251.4134     835.5323    0.3227
   53348.957351   -2746.8628     783.0945   -2763.8335     783.1314    0.7023
   53359.898422    2041.9804    1096.0003    2024.3266    1096.0204    0.3795
   53369.909499   -5238.9615     921.6398   -5274.7980     921.6756    0.6605
   53372.926898    3807.1130    1372.8224    3669.8014    1372.9417    0.2882
   53373.897986   -3831.4747     830.9820   -3848.5371     831.0145    0.7557
   53377.903213   -3977.3837     842.3541   -3987.0778     842.3759    0.7881
   53378.900812   -3265.9693     841.8533   -3283.8438     841.8769    0.6416
   53378.919168   -2319.7461     875.1039   -2340.3379     875.1248    0.4939
   53382.923916   -4434.8246    1082.2813   -4449.7975    1082.3039    0.7715
   53384.905112   -5431.6247     766.0880   -5441.9460     766.1298    0.8303
   53598.148009   -5273.0915     936.2225   -5273.4787     936.2357    0.8921
   53599.008939   -3649.4285     822.0142   -3656.4012     822.0347    0.8396
   53599.134486       0.2132         -nan   -1342.6187     343.4498    0.3783
   53604.991578   -4002.5360     769.1672   -4020.6168     769.2029    0.6710
   53605.131613      -0.0000         -nan       0.0000         -nan      -nan
   53605.971982   -4521.9588     808.0285   -4523.6621     808.0428    0.8225
   53606.990849   -4856.2755    1061.4713   -4880.9076    1061.5008    0.6960
   53610.017974   -2132.0012     812.4938   -2140.7221     812.5034    0.5713
   53610.145132   -2687.2212     728.7762   -2711.5613     728.8103    0.5213
   53613.971578   -4704.9841     749.8671   -4709.7175     749.9008    0.8596
   53614.129236   -4167.4109     737.5615   -4175.5390     737.5932    0.7557
   53614.965426      -0.0251         -nan     160.3233     310.8014    0.0463
   53615.979044      -0.0000         -nan       0.0000         -nan      -nan
   53616.128010   -4933.4244     747.0515   -4933.1875     747.0840    0.8435
   53617.171992   -3217.1829     863.5973   -3223.2113     863.6096    0.7955
   53617.972238      -0.0000         -nan       0.0000         -nan      -nan
   53618.129114   -3198.7250     910.6218   -3202.9617     910.6349    0.8216
   53619.167789   -4568.8483     821.4894   -4568.7968     821.5063    0.9071
   53625.971638      24.2517         -nan   -8482.2331    1259.3719    0.8138
   53627.981417   -5719.1237    1331.0918   -5762.2443    1331.1470    0.6215
   53628.130302   -3601.9630     953.5733   -3607.8692     953.5892    0.8625
   53629.009387      -0.0000         -nan       0.0000         -nan      -nan
   53629.130413   -4573.3082     738.7490   -4580.2680     738.7933    0.8408
   53646.144171   -2614.9961     897.2361   -2618.8996     897.2464    0.7618
   53647.969764   -2689.1044     891.4423   -2692.4164     891.4548    0.7564
   53648.966688   -2687.3885     705.8439   -2686.7178     705.8738    0.8609
   53649.129686   -2960.1109     673.4162   -2957.1447     673.4483    0.8596
   53653.974556   -2742.5421    1008.2704   -2753.2088    1008.2868    0.7199
   53654.140809   -2860.8975    1032.8659   -2867.3854    1032.8805    0.7297
   53656.129683   -2057.3111     788.0916   -2057.1185     788.1048    0.7840
   53657.129944   -1592.6320     796.2420   -1595.7679     796.2546    0.5949
   53661.132064   -4519.6430     913.5601   -4573.2717     913.6020    0.4915
   53661.176851    7666.5333    1021.7517    7504.6859    1021.8399    0.4469
   53662.141793   -2404.9538     762.0252   -2404.6384     762.0409    0.7422
   53664.162692   -1867.4502     827.9674   -1867.4731     827.9752    0.7472
   53664.853878   -1264.8127     741.8404   -1267.2550     741.8622    0.5463
   53664.967024   -1259.1219     855.7975   -1263.0258     855.8095    0.5496
   53665.135061   -1565.5067     819.6247   -1565.3993     819.6322    0.6444
   53665.832332   -1114.1815     754.2279   -1118.9672     754.2505    0.4262
   53666.825980    -697.2551     859.0589    -699.3306     859.0674    0.3777
   53666.968992    -707.7390     986.3526    -715.3546     986.3641    0.3066
   53667.854443   -1818.7951     738.8661   -1818.9041     738.8864    0.7243
   53667.980064      57.8536     909.0684      42.9136     909.0854    0.0112
   53671.322626    2359.8523    1075.8650    2340.1575    1075.8852    0.5097
   53675.011445    -701.3703     841.1365    -707.1471     841.1492    0.3147
   53676.972978    -578.2780     748.5508    -580.1976     748.5700    0.3850
   53677.976332    -904.8953     852.7336    -915.5516     852.7480    0.2392
   53678.976952      31.1503    1183.6205      32.1041    1183.6351    0.0143
   53679.964436     125.8029    1191.8429     125.7651    1191.8614    0.0784
   53680.167131    -602.1261     951.9515    -606.2589     951.9598    0.1947
   53680.861570    -315.4060     852.9835    -321.3485     852.9920    0.1281
   53680.963556    -130.7362     812.4350    -133.7584     812.4488    0.0729
   53681.844134      84.3601     785.8948      68.1427     785.9086    0.0138
   53682.878460    2823.2403    1058.2966    2785.9072    1058.3264    0.3588
   53684.000010    -701.4315     745.2900    -701.1436     745.3078    0.4323
   53684.971818    -439.8391     951.2172    -444.0970     951.2291    0.2193
   53694.980500      -4.1558     767.3743      -7.2395     767.3917    0.0051
   53695.970776   -1674.4984     777.9299   -1749.9872     777.9781    0.1759
   53698.978875   -1470.5230     893.0158   -1488.6275     893.0334    0.2701
   53706.843868     620.0636     913.9644     614.9930     913.9751    0.2832
   53706.976008     461.0377     954.4301     457.0103     954.4394    0.2232
   53707.875403    1752.9384     828.4200    1735.6287     828.4387    0.3942
   53707.967968     735.0635     694.3987     665.7970     694.4914    0.0989
   53708.826614    1124.5164     706.0621    1114.5025     706.0878    0.3855
   53712.842098    2248.1722    1130.5487    2238.6192    1130.5666    0.4990
   53712.878108    1664.6218    1142.5949    1662.9750    1142.6088    0.5526
   53714.019653     823.2295    1039.7281     819.8838    1039.7396    0.4278
   53714.818549     258.7012    1143.2384     254.0073    1143.2561    0.1307
   53717.981794   -1401.7607     808.3026   -1406.2242     808.3191    0.4825
   53726.817166    1758.4725     830.9715    1742.5639     830.9885    0.4153
   53726.976577    1461.0436     914.1027    1460.8397     914.1084    0.6481
   53728.829957    1044.1334     920.3035    1037.1909     920.3136    0.3542
   53728.969178    1490.6317     956.3089    1486.3725     956.3181    0.5888
   53730.822405    1782.8702     951.4599    1776.7045     951.4709    0.6559
   53734.822374    2146.2512     793.2487    2144.4761     793.2573    0.7659
   53734.965526    3030.3031    1144.5588    3026.1659    1144.5764    0.8486
   53735.841266    2602.9258     772.3810    2577.1624     772.3953    0.3783
   53735.973014    2246.8360    1044.9154    2238.2740    1044.9293    0.6225
   53737.832088    2208.6726    1222.7346    2198.1856    1222.7606    0.5571
   53737.991185    5367.8522    1379.6108    5341.7963    1379.6617    0.7344
   53756.822887    3150.2558    1295.8732    3134.2865    1295.9106    0.6904
   53766.853972     394.2134     722.4108     389.6593     722.4360    0.1363
   53966.139752      -0.0000         -nan       0.0000         -nan      -nan
   53967.130524      -0.0000         -nan       0.0000         -nan      -nan
   53968.072106   -3521.6572     859.5862   -3525.1140     859.5951    0.6093
   53968.164800    2481.0703     955.5319    2477.8842     955.5392    0.8317
   53968.977293    1092.9093    1162.4162    1079.5578    1162.4416    0.3855
   53969.170740     396.6177    1078.8475     387.2455    1078.8633    0.1643
   53969.990296    1947.7946     817.9889    1944.9213     817.9969    0.7479
   53971.983848    1026.1984     945.2544    1020.4152     945.2651    0.4169
   53972.962527    1106.5686     849.1368    1104.2748     849.1437    0.4908
   53973.038534     821.6961     832.9620     817.7430     832.9705    0.3710
   53974.062160     258.2121    1001.9833     249.1664    1001.9977    0.0938
   53974.991542     969.4541     725.3920     966.6678     725.4071    0.3824
   53975.964037    1391.5513     737.3496    1387.2320     737.3611    0.3985
   53976.064261     227.2996     712.4059     229.0889     712.4213    0.0971
   53979.003510     476.8699     877.2569     471.9874     877.2663    0.2264
   53979.088479    -107.6155     819.8288    -109.3065     819.8360    0.0580
   53979.170282     513.2946     815.6178     510.8719     815.6253    0.2289
   53980.117609    -105.7099     809.9052    -110.2913     809.9166    0.0398
   53980.988993     745.1739     710.0621     742.4052     710.0769    0.2546
   53982.939051    2405.2227    1382.7840    2365.5378    1382.8420    0.3349
   53983.977704    1285.7334     841.8259    1281.8895     841.8335    0.4546
   53984.053221     669.1878    1053.6452     660.0987    1053.6597    0.2542
   53984.162014     556.9154     932.8286     548.5386     932.8384    0.1944
   53984.997453    1142.1819     755.1594    1140.9785     755.1698    0.4433
   53985.112146    -695.3080     760.7586    -706.3208     760.7801    0.1817
   53985.198051     439.8656     785.3372     437.0731     785.3474    0.1591
   53987.038214     532.7820     754.8618     533.5418     754.8765    0.3012
   53987.186271    -184.5916     727.9627    -188.1778     727.9860    0.0669
   53988.023500    1233.2069     761.3072    1173.8193     761.3713    0.1577
   53988.044738    -218.5032     717.9611    -250.8333     718.0243    0.0483
   53988.115219   16467.1874     971.6976   16306.8616     971.7943    0.7295
   53988.983063    1508.5364     798.2846    1504.9261     798.2927    0.4651
   53989.051745     966.0203     809.9044     960.4939     809.9188    0.3447
   53989.155432   -1992.6792     960.7380   -2006.5388     960.7528    0.4778
   53989.919826     865.9310     810.9096     863.8721     810.9183    0.3816
   53989.992282    -182.3622     733.1594    -182.7584     733.1758    0.0805
   53990.109665     429.0628     708.9553     426.6006     708.9717    0.1403
   53990.197809   -1173.6316     774.7283   -1173.2339     774.7408    0.4100
   53993.023647     -17.3077     736.3277     -18.4546     736.3481    0.0089
   53993.115786    -817.1344     796.1721    -818.2777     796.1805    0.3136
   53993.226931   -1192.8853     881.0931   -1197.7697     881.1023    0.4016
   53994.006567    -464.4851     833.5517    -465.8148     833.5611    0.1973
   53994.064677    -744.6782     882.5048    -748.8779     882.5140    0.3322
   53994.160335    -223.3613     851.9358    -228.9019     851.9450    0.0787
   53995.050078      -9.3284     794.6207     -14.5297     794.6327    0.0048
   53999.053427   -1060.9301     731.3052   -1062.1626     731.3186    0.2987
   53999.215378      14.9629     838.0843      10.9093     838.0935    0.0043
   54001.995773    -634.0691     847.3240    -638.6577     847.3350    0.2441
   54002.230231    -859.5462    1075.9945    -870.4127    1076.0130    0.2840
   54002.945239    -943.5312     830.6871    -946.3716     830.6951    0.3709
   54003.073871   -1883.1319    1005.2294   -1891.9140    1005.2432    0.5717
   54003.244549    -844.8233    1055.4964    -856.6785    1055.5163    0.2655
   54006.883741   -1771.6185     877.0831   -1781.8120     877.0941    0.5196
   54007.074329   -2244.6659     906.5755   -2250.9082     906.5845    0.6522
   54007.910431   -1692.6100     891.4247   -1701.1811     891.4367    0.5146
   54008.087064   -2242.8526     896.2296   -2250.0828     896.2387    0.6342
   54008.226836   -2324.1168     840.8725   -2327.9341     840.8814    0.6879
   54008.898088   -2338.2967     693.3512   -2339.6541     693.3719    0.5674
   54008.945724    -502.2629     787.8924    -535.4763     787.9171    0.0842
   54009.155426   -2526.8633     750.8458   -2530.3399     750.8600    0.5931
   54015.007946  -11575.1545    1194.2650  -11649.8261    1194.3385    0.7725
   54015.111460   -4441.0309    1048.5387   -4465.8055    1048.5667    0.7021
   54015.877005   -3967.2021     779.4434   -3984.0924     779.4619    0.5735
   54015.944741   -4252.7192     850.0021   -4267.5254     850.0314    0.7324
   54017.073755   -3129.7186     842.6548   -3135.7095     842.6633    0.6682
   54017.177628   -3140.5455     910.2194   -3149.9555     910.2318    0.6661
   54021.916027   -6665.0457     758.0125   -6661.1674     758.0413    0.8642
   54022.086752   -3566.7356     783.7076   -3573.0624     783.7231    0.7315
   54029.056022   -4675.5692     817.0047   -4677.7949     817.0172    0.8368
   54029.884109   -3848.6084     802.8673   -3851.0569     802.8829    0.7985
   54030.059377   -4793.4027     733.5598   -4793.4165     733.5810    0.8168
   54030.873163   -5378.0246     954.4694   -5384.6506     954.4860    0.9074
   54031.077589   -4046.3356     828.7736   -4052.4096     828.7868    0.7774
   54032.086225   -2641.0937     740.1550   -2650.9257     740.1756    0.6090
   54043.866322       0.0145         -nan    -118.3225     147.9507    0.0539
   54044.052175   -2041.6275     993.8989   -2057.8763     993.9184    0.4911
   54044.160766   -9049.4259    1023.2691   -9094.4695    1023.3164    0.7843
   54052.823657      -0.0000         -nan       0.0000         -nan      -nan
   54053.143086   -3066.3059     793.5613   -3091.5104     793.5809    0.4307
   54056.018647   -1939.9842     994.6218   -1949.7165     994.6357    0.6110
   54056.986806   -3025.3418     914.0719   -3030.7633     914.0828    0.7890
   54057.070076    -730.3068    1141.4263    -739.6146    1141.4466    0.2612
   54057.839803      -0.0000         -nan       0.0000         -nan      -nan
   54062.025685   -3349.6890     766.9975   -3355.6472     767.0176    0.7191
   54062.816959       0.0288         -nan    -229.1809     164.3608    0.1506
   54063.030891   -3094.4503     854.4722   -3099.9639     854.4847    0.7566
   54067.920162    -263.0423    1447.7987    -288.3621    1447.8527    0.0530
   54068.951911   -2140.1517    1061.3971   -2151.1554    1061.4144    0.6426
   54069.071971    -458.1725    1185.5305    -470.1217    1185.5567    0.1646
   54069.985316   -3008.8809     938.0994   -3021.9247     938.1173    0.7037
   54070.975053     766.1812    1086.7193     723.9071    1086.7488    0.1001
   54071.947659   -3672.3875    1039.7894   -3708.9292    1039.8229    0.5326
   54072.062691    -871.5749    1189.2282    -949.0300    1189.3033    0.1134
   54073.024805    3705.5524     966.2479    3624.5794     966.3005    0.3474
   54073.995071   -3218.4501    1049.1400   -3243.7766    1049.1672    0.5292
   54075.936159   -3964.7368     830.4722   -3971.4299     830.4957    0.8849
   54077.016146   -3457.1736    1222.4334   -3467.0466    1222.4628    0.7992
   54083.926384   -3874.9529    1072.8254   -3882.1528    1072.8425    0.8860
   54091.008425   -4076.8637     976.5195   -4084.3644     976.5349    0.8623
   54098.870853   -2963.7938    1138.1784   -2968.3776    1138.1966    0.8030
   54100.015071   -2080.1886    1375.9355   -2105.9092    1375.9912    0.3574
   54100.861408   -3658.4345     786.0667   -3665.7983     786.0989    0.8480
   54103.964556   -2416.2792     985.7731   -2423.7120     985.7875    0.7086
   54104.874304   -3831.5614     849.3869   -3865.2342     849.4174    0.5374
   54105.920547   -4965.1368     934.0402   -5054.4795     934.1064    0.4816
   54106.868027   -1330.1218    1027.5083   -1373.7708    1027.5485    0.1806
   54106.962727   -3608.8595    1194.6706   -3657.0107    1194.7191    0.4332
   54108.964487   -2651.9531     939.1850   -2656.1335     939.1987    0.7806
   54109.870530   -1472.5452     733.0725   -1513.8707     733.1181    0.2240
   54110.831717   -1932.6679     832.7663   -1938.6827     832.7809    0.6950
   54113.832469   -1973.2448    1043.9074   -1977.5240    1043.9197    0.6518
   54113.945998     615.9790    1301.8581     601.8383    1301.8930    0.1722
   54114.830617   -2215.8725     749.2992   -2226.0466     749.3332    0.7117
   54116.835981    -850.8343     786.6135    -859.2614     786.6352    0.3842
   54120.835376     722.6754    1295.2981     712.3622    1295.3271    0.2145
   54121.877940   -1046.4977     948.9386   -1052.6196     948.9514    0.4355
   54122.832745   -1701.8126     759.2533   -1714.2778     759.2913    0.6045
   54124.835989  -22645.6082    1184.0910  -22669.2064    1184.1352    0.8987
   54139.849848    -762.7542     782.2300    -780.8639     782.2654    0.2461
   54143.859836   -1686.1972     802.0980   -1698.1217     802.1243    0.5098
   54153.864041    -178.6140     885.5233    -198.5226     885.5436    0.0503
   54327.069268   -1633.5490     886.3613   -1636.6205     886.3713    0.6447
   54327.176723     -34.9696     974.3916     -44.2834     974.4028    0.0169
   54328.172537   -1250.2225     730.6450   -1253.6078     730.6691    0.4592
   54329.014104   -1594.5877     834.5610   -1597.3051     834.5709    0.6202
   54329.160452   -1683.1273     770.1695   -1687.3089     770.1929    0.6561
   54330.109365   -2070.7100     767.1480   -2074.6249     767.1756    0.7589
   54331.185644    1586.1523    1310.4788    1583.6048    1310.5051    0.5603
   54332.005887   -1133.8276     835.1142   -1137.4949     835.1224    0.4542
   54332.079042   -1586.9380     789.7054   -1588.7167     789.7169    0.5704
   54332.212436    -139.3100     886.1498    -145.0126     886.1615    0.0636
   54333.141334   -2147.6177     690.9423   -2152.6705     690.9816    0.6815
   54333.219809   -1365.4239     695.0965   -1374.0983     695.1423    0.4971
   54334.011969   -2713.1508     820.7792   -2716.6471     820.7948    0.7992
   54334.076988   -2055.2495     720.9052   -2058.3188     720.9336    0.6728
   54334.151855   -2445.0124     687.3852   -2451.1163     687.4335    0.7211
   54335.030782   -2358.4425     789.5301   -2360.4759     789.5468    0.7811
   54335.093246     340.4474     943.1712     332.0679     943.1849    0.1248
   54335.206386    1245.3023     893.7688    1236.6240     893.7793    0.3661
   54336.086550   -2640.8811     763.6196   -2642.7299     763.6459    0.8175
   54336.151581   -1794.2800     794.8792   -1797.7367     794.8999    0.7762
   54337.991166   -1243.7328     869.1651   -1258.4039     869.1870    0.3975
   54338.098563   -1306.3016     836.4486   -1309.5935     836.4639    0.6256
   54338.220432   -1599.0780     910.6984   -1603.7914     910.7105    0.7134
   54339.081801    -798.3611     972.9602    -803.2477     972.9715    0.3252
   54339.132267   -2846.1197     914.2785   -2846.3159     914.2891    0.8802
   54340.191186   -2202.7696     718.3667   -2211.5489     718.4099    0.6905
   54342.107974   -4309.9826     672.8243   -4320.6061     672.8979    0.8144
   54342.165531   -2435.2590     684.3949   -2456.2984     684.4553    0.5237
   54344.144538   -3913.7683     734.3463   -3926.5433     734.4018    0.8254
   54358.038062   -1194.9752     728.1305   -1207.7530     728.1737    0.4767
   54358.071695   -2594.4279     837.8010   -2599.3631     837.8189    0.8392
   54358.135919   -2897.2994     719.3222   -2912.4326     719.3829    0.8077
   54359.083823   -2175.2265     681.7304   -2195.7043     681.7981    0.6653
   54359.138207   -2877.2280     682.5667   -2891.9001     682.6254    0.6327
   54359.919368   -3200.9775     758.5959   -3211.9491     758.6367    0.8258
   54359.996993   -3038.9798     744.5509   -3052.5317     744.5934    0.7827
   54360.211783   -2067.1936     732.3299   -2077.9833     732.3694    0.6994
   54360.887610   -2912.0484     930.5076   -2918.4316     930.5278    0.8086
   54361.160972   -2849.8844     781.8173   -2861.8134     781.8559    0.7888
   54361.216848   -2865.2503     868.4325   -2870.6324     868.4540    0.9192
   54361.860825      -0.0000         -nan       0.0000         -nan      -nan
   54361.948813   -2397.9551     794.2513   -2399.7198     794.2730    0.7831
   54362.169117   -2183.2534     870.2636   -2190.5108     870.2849    0.7668
   54362.880633   -2504.6645     712.3417   -2515.4579     712.3902    0.7001
   54363.010028   -1747.6909     644.4092   -1775.8560     644.4953    0.5429
   54363.099807   -3009.8790     784.9732   -3021.3097     785.0143    0.8451
   54363.233566   -2564.5509     975.3530   -2569.2244     975.3664    0.8278
   54363.867530   -2694.3409     692.6361   -2712.8694     692.7029    0.7088
   54363.922113   -3401.8015     762.5079   -3413.3187     762.5482    0.8400
   54364.044786   -2536.9881     680.9058   -2549.9673     680.9625    0.7349
   54364.160226   -3557.3881     662.3828   -3575.4258     662.4655    0.7717
   54368.041842   -2772.5261     805.0118   -2775.6934     805.0273    0.7999
   54368.096319   -1866.8271     862.2193   -1873.0139     862.2369    0.7010
   54368.897419   -2617.5790     715.3610   -2632.9812     715.4148    0.6586
   54369.065793    -747.6558     978.0175    -757.8543     978.0331    0.2679
   54369.133857    -359.0972     913.5465    -369.4725     913.5634    0.1573
   54369.887826   -1815.2334     733.2107   -1822.2549     733.2420    0.5493
   54370.094450   -1741.9353     745.0105   -1751.3710     745.0476    0.6262
   54370.916703   -2036.6411     747.2339   -2046.4443     747.2711    0.7084
   54371.027501   -2492.1856     690.3461   -2501.8997     690.3906    0.7385
   54371.115939   -3109.4059     705.2909   -3115.7592     705.3369    0.7727
   54371.215042    -913.3309     807.5883    -921.9316     807.6105    0.4461
   54372.076773   -2320.8112     733.3934   -2328.3094     733.4337    0.7092
   54376.069273   -2444.4684     772.7491   -2445.7464     772.7713    0.7489
   54376.145977   -2774.6719     807.0495   -2780.4835     807.0757    0.7803
   54376.214248   -2182.4570     943.6351   -2189.3196     943.6492    0.7319
   54376.890447   -3170.8656     683.9356   -3186.2237     684.0072    0.7315
   54376.996982   -2302.4313     756.4347   -2312.1861     756.4692    0.7441
   54377.120904   -3016.4540     745.3321   -3026.1689     745.3750    0.7990
   54379.896162   -1080.2783     934.8508   -1086.8164     934.8651    0.4223
   54380.104011   -1805.1247     708.7603   -1818.9269     708.8100    0.6318
   54380.232538   -2808.5887     796.4884   -2825.1513     796.5215    0.6477
   54381.884236   -2620.4671     918.3038   -2622.2886     918.3134    0.8215
   54383.006401   -2195.1597     978.1373   -2197.5739     978.1466    0.7481
   54383.866921   -1333.0728     924.6993   -1337.0881     924.7094    0.6318
   54384.040258   -1275.2755     848.7590   -1278.7221     848.7682    0.5934
   54386.853808    -789.2430     991.2563    -811.6471     991.2787    0.1878
   54388.860451   -2055.0963     728.2852   -2071.3812     728.3374    0.6377
   54389.870875   -2119.9653     825.9812   -2126.3167     826.0043    0.6942
   54391.868050   -1314.0444     834.9288   -1323.0155     834.9511    0.5247
   54392.852392   -1907.7668     745.9520   -1916.5176     745.9901    0.7245
   54393.857552   -2007.9394     812.7894   -2013.5334     812.8082    0.6811
   54394.054548   -1966.2910     754.4181   -1971.9070     754.4512    0.7418
   54394.916237   -2161.2016     968.7102   -2161.9535     968.7184    0.7494
   54395.938779     214.5605    1445.5231     205.4321    1445.5642    0.0404
   54396.035877    1862.6974    1372.2968    1860.2405    1372.3270    0.5161
   54396.151227   -1201.6269    1159.4533   -1202.0757    1159.4689    0.4824
   54396.851539   -1173.5977     719.6681   -1180.0178     719.7039    0.5409
   54396.993552   -2786.8936     720.0523   -2789.8911     720.0901    0.8035
   54397.048353    -797.0143     988.3613    -802.0885     988.3731    0.3705
   54397.154204   -2131.1100     757.3731   -2148.4843     757.4149    0.5611
   54397.888667    -385.3047     746.1530    -402.8988     746.1953    0.1497
   54398.013865    -657.8821     795.5115    -670.7452     795.5462    0.2898
   54398.090305   -2256.6131     708.2197   -2273.5982     708.2812    0.6262
   54398.837015   -1000.9556     715.3173   -1017.2661     715.3709    0.4020
   54402.023185   -1529.6785     846.0637   -1538.7670     846.0896    0.5944
   54403.034103    -374.8541    1037.3776    -378.3804    1037.3892    0.1599
   54405.005508   -1824.1902     785.7966   -1831.9912     785.8267    0.6807
   54405.927183    -613.5831     799.4695    -623.8876     799.4964    0.3163
   54406.907883   -2192.9035     703.6561   -2199.0767     703.7035    0.7121
   54407.841616    -744.4115     753.4270    -752.6944     753.4585    0.3769
   54408.931783    -809.2493     917.2927    -814.1328     917.3021    0.3631
   54409.888016   -1087.1459     705.0023   -1098.5655     705.0441    0.5003
   54449.848981    -221.7190     848.7266    -223.9407     848.7345    0.0923
   54458.951591      -0.6202    1029.4245      -6.4901    1029.4364    0.0034
   54464.980226    -235.4636     984.1405    -239.9424     984.1505    0.1179
   54468.853790    -805.6299     876.2442    -810.2363     876.2536    0.3364
   54472.924215    -102.8332     881.7353    -109.1572     881.7432    0.0376
   54477.876428   -1362.2661     733.2127   -1362.4023     733.2294    0.4378
   54478.915807      10.1891     916.7089       4.5500     916.7161    0.0017
   54481.899128     802.6287    1334.1834     790.8837    1334.2199    0.2808
   54721.979146   -5443.9403     880.3072   -5448.2152     880.3256    0.9409
   54722.130799   -4913.5932     849.6433   -4921.4310     849.6679    0.9061
   54722.964461   -4727.3511     888.1545   -4734.5576     888.1744    0.9044
   54723.150340   -4110.9216     966.5633   -4117.8867     966.5801    0.9076
   54728.888316   -3019.7495    1148.7686   -3034.0944    1148.7963    0.7573
   54729.115002   -5102.9703     898.4463   -5107.8338     898.4644    0.9197
   54729.992063   -4813.3340     832.6109   -4818.3862     832.6318    0.9161
   54730.867771   -5359.5961     913.2108   -5366.7764     913.2312    0.9499
   54731.112905   -6243.6560     799.7837   -6250.8480     799.8226    0.9263
   54731.858816   -5836.2199     737.9646   -5843.5940     738.0133    0.9152
   54732.056065   -6207.1465     686.2470   -6208.7165     686.2995    0.9284
   54732.117206   -6155.5028     684.5399   -6154.4332     684.5974    0.9274
   54732.975148   -5735.6989     811.4512   -5739.0255     811.4756    0.9351
   54733.114483   -5511.1802     742.6173   -5518.7507     742.6664    0.9314
   54738.231546   -3950.8439     989.4261   -3963.0064     989.4454    0.8474
   54742.831602   -4942.8724     846.2855   -4947.3006     846.3059    0.9101
   54743.027685   -2818.0674    1148.0992   -2834.7146    1148.1270    0.7260
   54744.034301   -3943.7151     866.8747   -3947.8279     866.8882    0.8656
   54745.971025   -4040.1340     877.7700   -4044.1505     877.7858    0.9320
   54746.109845   -3678.6717     830.1282   -3682.8430     830.1475    0.9002
   54746.969733   -4576.1771     706.3397   -4581.3642     706.3886    0.9058
   54747.012534   -4508.6265     773.9800   -4509.2216     774.0035    0.9287
   54747.037456   -4093.6993     781.4078   -4095.4870     781.4330    0.8975
   54747.057180   -4704.8941     768.9391   -4711.2004     768.9785    0.9116
   54747.110852   -4193.2834     734.0368   -4197.0546     734.0722    0.8586
   54747.944900   -4518.8457     746.0595   -4516.1696     746.0825    0.9034
   54748.155688   -3613.6461     951.4794   -3618.2150     951.4914    0.8999
   54749.990436   -2670.8696    1102.7574   -2681.9520    1102.7757    0.6577
   54750.054532   -3075.0552     975.2157   -3083.1738     975.2295    0.7835
   54754.866813   -2740.6611     794.1450   -2744.2545     794.1619    0.7312
   54755.022698      -0.0000         -nan       0.0000         -nan      -nan
   54755.110949      -0.0000         -nan       0.0000         -nan      -nan
   54756.039912   -1095.8404    1262.5178   -1111.5530    1262.5517    0.3486
   54756.208894   -2713.5065    1356.1123   -2767.2430    1356.1826    0.4033
   54759.843448   -2291.1689     795.5892   -2295.8946     795.6082    0.7080
   54760.020326   -3406.4977     745.8994   -3404.4342     745.9221    0.7026
   54760.114982   -3093.0189     867.8602   -3097.6865     867.8711    0.8151
   54760.951581   -3875.7394     838.4891   -3878.2876     838.5029    0.8934
   54761.164093   -2761.4399    1002.3357   -2770.2011    1002.3498    0.7746
   54766.949102   -2969.2710     891.9187   -2975.0844     891.9265    0.7659
   54776.813932    -711.6777     828.4722    -717.7047     828.4809    0.2374
   54777.114146     694.0920    1049.8730     680.0992    1049.8898    0.2124
   54777.814296    -797.2839     757.2401    -798.8118     757.2582    0.3415
   54778.807330   -1472.6796     790.0832   -1478.8587     790.1031    0.4655
   54779.889474    2428.7985    1157.9553    2386.9602    1157.9962    0.3274
   54780.026488   -2171.1365     881.3256   -2176.4184     881.3342    0.6270
   54781.110710      -0.0000         -nan       0.0000         -nan      -nan
   54781.820937    -601.4094     746.6582    -603.7824     746.6721    0.2001
   54781.993015   -2127.3330    1158.6830   -2142.3780    1158.7080    0.5382
   54782.109602    1001.9381    1160.2375     982.1104    1160.2660    0.2609
   54782.878280    -408.8197     972.2051    -416.5353     972.2158    0.1604
   54782.961587   -2093.3609    1164.2218   -2102.5555    1164.2426    0.6064
   54784.972068    -793.2903     697.9119    -794.4068     697.9417    0.3155
   54785.808638     369.2515     816.1884     365.1414     816.1981    0.1442
   54785.958383    1441.3928    1304.1808    1423.1874    1304.2212    0.4479
   54786.114890     368.4577    1141.3571     358.8965    1141.3779    0.1563
   54786.801530     -44.4150     876.9877     -50.6217     876.9975    0.0242
   54786.944743   -1121.8543     873.3263   -1124.7838     873.3352    0.4844
   54787.113039    -255.5051     965.7308    -261.4715     965.7409    0.1240
   54787.801133    -138.1408     792.3297    -139.6037     792.3395    0.0628
   54788.009055    1278.6329     947.1753    1269.6640     947.1854    0.4454
   54788.111388    -695.8692     977.3241    -700.1007     977.3332    0.3586
   54788.809424     479.1082     832.1204     478.1122     832.1278    0.2628
   54789.824058    1225.2529     965.5601    1218.2671     965.5694    0.4880
   54793.792379     750.0723     885.1271     745.2980     885.1343    0.2697
   54794.009876    1290.6087     995.2847    1285.1605     995.2941    0.5892
   54794.887530     628.0704     780.4999     626.2718     780.5068    0.2763
   54795.838209    -557.1134     827.1566    -602.0024     827.1911    0.0857
   54798.831529    1003.0757     812.4610     999.3485     812.4719    0.4517
   54799.819477     821.2974     941.2277     815.1398     941.2387    0.4148
   54800.842969     938.5142     974.3866     915.5249     974.4055    0.1893
   54801.825306    1507.5291     843.2760    1499.4503     843.2833    0.3677
   54802.053558    1163.6833     966.0014    1159.8922     966.0104    0.6078
   54802.887122    2980.1265     863.3551    2824.1015     863.4505    0.2079
   54804.861224    1993.6170    1018.7342    1983.7410    1018.7475    0.6298
   54805.824508    2170.5018     805.0215    2170.3132     805.0289    0.7965
   54807.819816    2142.9589     909.5813    2139.7927     909.5889    0.7645
   54807.944722    2482.2610     929.6482    2479.9415     929.6554    0.8303
   54808.803814    2214.1999     937.0111    2208.3957     937.0191    0.6235
   54810.818032    1502.3328     781.8390      47.5304     782.6000    0.0012
   54811.814957    2639.3659    1169.0678    2578.9991    1169.1269    0.3320
   54811.944625    3777.6043    1206.7644    3770.7100    1206.7834    0.7628
   54813.900954    1041.9632     997.9529    1038.0609     997.9616    0.4126
   54814.002216    1597.5606    1113.0952    1588.7038    1113.1121    0.5790
   54816.808573    2639.9511    1196.4038    2635.3081    1196.4276    0.7862
   54816.945915    3182.6473     921.8967    3178.1465     921.9046    0.8547
   54817.795868    1691.1340     691.3797    1685.9850     691.4063    0.5697
   54818.793768    2399.3988     805.0565    2398.3622     805.0638    0.8110
   54818.918720    2107.5570    1019.7996    2101.3963    1019.8109    0.6807
   54819.939857    4193.3495    1109.5408    4174.4486    1109.5635    0.7571
   54820.870647    2289.9184     881.0146    2287.3986     881.0238    0.7901
   54820.928430    1847.5771     966.6281    1836.9989     966.6429    0.5248
   54821.811562    1549.6310     812.7445    1547.9472     812.7508    0.6036
   54822.020296     854.2423     982.9791     851.3466     982.9877    0.4443
   54822.801048    1735.3862     789.9571    1732.7363     789.9637    0.5455
   54828.796834    1709.0368     780.2844    1705.6844     780.2923    0.5639
   54833.799382    1776.4960     730.7534    1772.4438     730.7741    0.6212
   54833.898684    1913.3702     830.8466    1911.0744     830.8563    0.7056
   54834.864915    2427.0662     802.4054    2426.7166     802.4130    0.7728
   54835.932008    1462.2173     833.4741    1459.7634     833.4822    0.6059
   54841.808627    1702.3385     880.1815    1698.1030     880.1919    0.6057
   54844.878420    1579.7707     741.4460    1577.8917     741.4641    0.5951
   54845.807404    2085.9188     739.4682    2081.7543     739.4880    0.6116
   54850.813522    1600.1778     852.7724    1597.3067     852.7829    0.6120
   54851.829471    3314.3089    1085.0289    3305.8499    1085.0434    0.7528
   54852.906484    2098.1868     793.6990    2096.6572     793.7072    0.6794
   54854.885684    2077.0254     835.7466    2067.5814     835.7650    0.5789
   54857.888094     517.8602     774.6413     505.6952     774.6636    0.1392
   54858.811510     547.2892     739.3827     535.9211     739.4177    0.1901
   54859.832322      88.8609     682.4537      81.6757     682.4949    0.0254
