   53234.093220   -1520.1834     851.8425   -1519.6648     851.9470    0.3217
   53235.002552   -1748.0060     759.9631   -1774.9864     760.0910    0.4503
   53235.967716   -4287.6544     900.8103   -4314.0010     900.9545    0.6441
   53239.065163   -1644.2554     719.2369   -1643.0081     719.3221    0.5108
   53240.063021    -367.5540     905.2367    -363.6037     905.3477    0.0866
   53242.104698    -734.1189     821.1365    -751.8075     821.2673    0.2759
   53234.093220   -1520.1834     851.8425   -1519.6648     851.9470    0.3217
   53235.002552   -1748.0060     759.9631   -1774.9864     760.0910    0.4503
   53235.967716   -4287.6544     900.8103   -4314.0010     900.9545    0.6441
   53239.065163   -1644.2554     719.2369   -1643.0081     719.3221    0.5108
   53240.063021    -367.5540     905.2367    -363.6037     905.3477    0.0866
   53242.104698    -734.1189     821.1365    -751.8075     821.2673    0.2759
   53248.931967    1617.4977     680.8733    1617.1073     680.9531    0.2763
   53249.066072    1844.0458     808.1276    1810.0027     808.2689    0.3019
   53250.063664       5.4368     707.0823     -11.4169     707.1991    0.0030
   53254.179723   -1516.8587     839.4602   -1507.6738     839.5599    0.4368
   53254.924382   -2335.5843     835.1547   -2360.9640     835.2927    0.6105
   53256.970338   -2255.3368     818.1123   -2256.0423     818.2174    0.4406
   53257.912489   -1253.9275     656.3115   -1288.3934     656.4356    0.3577
   53259.066294     471.2404     730.5733     449.1847     730.7226    0.1552
   53259.978942     549.3725     689.5240     545.9418     689.6240    0.1680
   53260.118090    -457.5708     753.0059    -465.7632     753.1201    0.1071
   53262.913202    -610.2628     723.0992    -628.0240     723.2210    0.1806
   53272.076350   -1154.5288     762.5310   -1158.5075     762.6342    0.4058
   53282.066447    2409.2587     661.1462    2391.2621     661.2605    0.5595
   53284.086970   -1655.8744     708.1135   -1680.1952     708.2383    0.5168
   53285.064767   -1209.4264     655.2673   -1217.7259     655.3603    0.3552
   53293.953793   -1178.1252     616.1981   -1190.4247     616.2945    0.3813
   53294.899228    -858.4683     652.9536    -885.7422     653.0841    0.2715
   53295.066034    -326.4305     717.5942    -345.9484     717.7094    0.0773
   53300.920510   -1154.7907     764.2298   -1179.7696     764.3611    0.3317
   53301.065440    -238.5781     744.6852    -275.6384     744.8200    0.0877
   53302.921923   -2495.9221     793.9358   -2507.6548     794.0406    0.5058
   53303.067142    1633.4758     816.9331    1629.6709     817.0424    0.4120
   53303.978711     683.1484     622.7483     641.9813     622.8826    0.1376
   53304.064705   -1033.8970     658.4309   -1043.5699     658.5327    0.3010
   53304.939783    -247.3401     741.1183    -274.6269     741.2396    0.0508
   53305.065633    2227.3152     746.8096    2134.7223     747.0048    0.2830
   53324.907129     993.6620     864.0951     992.5839     864.2081    0.3425
   53324.913853    -115.0322     905.2310    -131.2713     905.3670    0.0378
   53324.920452    -794.3877     884.2453    -805.9732     884.3700    0.2446
   53324.927040     589.3795     890.0902     573.2424     890.2239    0.1780
   53324.933680    -278.9555     802.0918    -303.9615     802.2136    0.1031
   53340.898429   -2550.6774     789.8957   -2568.8300     790.0134    0.6111
   53346.903001   -1665.0517     792.4272   -1666.0331     792.5343    0.4882
   53346.915925   -1221.6643     777.8169   -1221.4514     777.9150    0.3179
   53346.924944    -804.9740     779.7704    -818.7980     779.8766    0.2614
   53347.903977    -535.4511     728.9125    -555.9294     729.0317    0.1782
   53348.957351    -627.0216     696.3164    -629.8861     696.4116    0.2255
   53359.898422   -2077.7883     786.8260   -2090.4689     786.9333    0.4962
   53369.909499   -2641.5175     813.3944   -2706.8176     813.5566    0.4254
   53372.926898     291.5991     623.3389     263.9135     623.4010    0.0460
   53373.897986    -129.2110     728.0987    -150.5035     728.2189    0.0524
   53377.903213   -2216.9302     741.4761   -2244.2567     741.6088    0.5528
   53378.900812    -770.0175     750.4693    -781.8508     750.5749    0.2294
   53378.919168    -585.1800     785.7810    -609.1710     785.9062    0.1824
   53382.923916   -1910.1531     800.7019   -1922.7346     800.8173    0.5649
   53384.905112   -1256.6923     668.0210   -1272.5442     668.1287    0.4239
   53598.148009    -688.6811     794.9021    -717.2616     795.0365    0.3138
   53599.008939   -1102.0716     736.7620   -1110.0267     736.8681    0.4810
   53599.134486   -1045.4984     629.5869   -1059.3405     629.6962    0.4230
   53604.991578    -995.7033     693.5862   -1008.1198     693.6866    0.3146
   53605.131613   -2327.0360     611.1164   -2360.9905     611.2172    0.4629
   53605.971982    -308.0957     729.3694    -326.7007     729.4899    0.1266
   53606.990849   -1700.2813     788.3403   -1722.2570     788.4570    0.4089
   53610.017974    -382.6660     758.1417    -390.0651     758.2721    0.1540
   53610.145132     464.8228     671.7490     431.9685     671.8919    0.1087
   53613.971578   -1092.3285     666.7320   -1117.7381     666.8465    0.3234
   53614.129236     677.2842     660.4695     665.9262     660.5670    0.2067
   53614.965426   -1100.1090     704.5449   -1118.6925     704.6575    0.3661
   53615.979044   -1172.4401     680.7059   -1190.5188     680.8212    0.3829
   53616.128010   -1028.8000     665.2761   -1057.3493     665.4013    0.3101
   53617.171992    -838.7202     794.7609    -851.7174     794.8810    0.3262
   53617.972238    -939.4740     823.8883    -961.4467     824.0154    0.3206
   53618.129114    -578.9082     791.8315    -585.9828     791.9451    0.2521
   53619.167789     -91.9193     747.9628     -99.2668     748.0698    0.0412
   53625.971638     -60.5476     655.2477     -62.7353     655.3133    0.0326
   53627.981417    -750.8580     651.1964    -771.9227     651.2825    0.2826
   53628.130302    -840.0344     795.9217    -849.5764     796.0378    0.4122
   53629.009387    -151.7117     657.8169    -160.7671     657.9136    0.0671
   53629.130413    -578.5683     653.6511    -591.7542     653.7562    0.2333
   53646.144171   -1083.0794     805.4017   -1100.9873     805.5298    0.4233
   53647.969764   -1030.1257     804.0368   -1036.5741     804.1534    0.4021
   53648.966688   -1079.3958     641.1552   -1083.8075     641.2499    0.5164
   53649.129686    -904.9913     607.0506    -910.0783     607.1475    0.4066
   53653.974556   -1898.9133     859.7466   -1910.9134     859.8740    0.6864
   53654.140809    1180.3682     841.3922    1171.6260     841.5109    0.4340
   53656.129683   -1157.2168     713.8208   -1166.6176     713.9303    0.5401
   53657.129944    -701.8854     726.3269    -712.2406     726.4401    0.3495
   53661.132064   -2939.7399     796.0906   -2985.9795     796.2387    0.5044
   53661.176851    2862.8047     772.7784    2354.8642     773.2337    0.1295
   53662.141793   -1109.3603     686.1568   -1122.0074     686.2627    0.4508
   53664.162692    -637.6275     763.3566    -643.3188     763.4694    0.3419
   53664.853878    -231.3034     669.1931    -237.9175     669.2934    0.1288
   53664.967024   -1439.8534     783.3243   -1446.7937     783.4354    0.5860
   53665.135061    -456.3490     744.8371    -466.1741     744.9496    0.2183
   53665.832332    -202.0857     693.2619    -215.8890     693.3679    0.0888
   53666.825980     361.5644     778.7321     355.9447     778.8457    0.2100
   53666.968992    -724.4635     816.1628    -730.7437     816.2812    0.4314
   53667.854443    -306.6041     663.8771    -313.4177     663.9821    0.1807
   53667.980064   -1411.2778     815.6743   -1425.5707     815.7938    0.4219
   53671.322626     733.1606     761.1031     715.0806     761.2164    0.2964
   53675.011445    -569.6426     755.6173    -579.8966     755.7383    0.3199
   53676.972978    -298.5567     678.7166    -296.8765     678.8107    0.2360
   53677.976332    1161.1262     767.9761    1140.7981     768.0979    0.2931
   53678.976952    1121.0991     748.3124    1127.3454     748.3893    0.6441
   53679.964436     910.9059     743.6441     907.2807     743.7310    0.6050
   53680.167131    -218.4059     861.1668    -225.3144     861.2910    0.0724
   53680.861570    -903.0772     798.4785    -915.2202     798.6061    0.3390
   53680.963556      86.0993     742.7774      87.8648     742.8772    0.0430
   53681.844134     557.6803     721.8304     536.7654     721.9417    0.1133
   53682.878460    1971.7015     798.6164    1875.5460     798.7896    0.2562
   53684.000010     356.6384     679.0205     352.5190     679.1212    0.2159
   53684.971818     982.5540     806.7745     973.9454     806.8913    0.4756
   53694.980500     385.7586     703.9285     388.6831     704.0294    0.2455
   53695.970776    -705.6458         -nan     653.0331     719.1428    0.0719
   53698.978875    -646.9819     806.9962    -680.9139     807.1389    0.1485
   53706.843868     675.5364     828.0303     681.6562     828.1362    0.3433
   53706.976008     705.1808     830.8635     706.7368     830.9757    0.3280
   53707.875403    1751.7908     761.3717    1756.8996     761.4565    0.3234
   53707.967968   -1555.7711     621.9204   -1559.1243     621.9876    0.2974
   53708.826614     650.9432     642.0463     648.3826     642.1646    0.2065
   53712.842098    -633.2183     760.3386    -644.2511     760.4370    0.1816
   53712.878108    -272.8120     772.3668    -276.4575     772.4642    0.2088
   53714.019653     366.9059     816.8206     372.9432     816.9232    0.2301
   53714.818549     900.7595     769.4152     901.0975     769.5100    0.5508
   53717.981794     683.2434     714.6814     676.3793     714.7834    0.2643
   53726.817166     318.1085     747.3053     319.3981     747.3976    0.0973
   53726.976577     -30.2252     800.6453     -26.8633     800.7513    0.0211
   53728.829957     123.5741     840.5985     117.1702     840.7255    0.0647
   53728.969178    -640.1118     842.2675    -634.4314     842.3768    0.3228
   53730.822405     151.9944     858.3411     150.1562     858.4628    0.0766
   53734.822374    -199.1797     729.8298    -200.1826     729.9354    0.1255
   53734.965526     408.1703     767.2897     412.5897     767.3817    0.3091
   53735.841266     722.4592     722.6811     789.1790     722.8324    0.0359
   53735.973014     280.0252     821.0326     272.5771     821.1513    0.1513
   53737.832088     515.6177     693.6890     520.3469     693.7565    0.3012
   53737.991185     468.7934     611.2790     464.4024     611.3373    0.2663
   53756.822887    -570.0817     695.1565    -571.9803     695.2307    0.3843
   53766.853972    -585.0359     643.5508    -602.6287     643.6685    0.1823
   53966.139752    -616.3860     805.8488    -623.3656     805.9683    0.3359
   53967.130524    -129.8989     796.2949    -134.6923     796.4106    0.1178
   53968.072106     198.2977     752.9008     182.4371     753.0184    0.0816
   53968.164800      50.4786     778.7687      40.0835     778.8842    0.0291
   53968.977293     421.6094     750.6267     407.4756     750.7321    0.2798
   53969.170740     628.4760     773.4339     607.0015     773.5558    0.3589
   53969.990296      70.6425     753.8364      68.9464     753.9412    0.0413
   53971.983848     674.3401     805.4564     662.9578     805.5784    0.3670
   53972.962527    -403.6234     763.1972    -415.9612     763.3160    0.2224
   53973.038534     285.6175     746.5573     275.3012     746.6740    0.1607
   53974.062160     324.2070     843.7785     290.9574     843.9291    0.1147
   53974.991542     336.2239     656.9110     332.8387     657.0149    0.1958
   53975.964037    -331.5369     668.1199    -333.2722     668.2163    0.1361
   53976.064261     -36.5715     638.7986     -38.5625     638.8805    0.0174
   53979.003510     169.7467     779.6759     154.1071     779.7985    0.0834
   53979.088479    -107.1165     740.1828    -114.8065     740.2940    0.0726
   53979.170282    1022.3084     742.1412    1012.9668     742.2602    0.5062
   53980.117609    -100.1442     707.0927    -114.9929     707.2052    0.0559
   53980.988993    -141.4125     630.3318    -154.1445     630.4432    0.0644
   53982.939051     171.3320     605.2962     143.5061     605.3762    0.0466
   53983.977704     -27.5755     746.1477     -45.2849     746.2721    0.0244
   53984.053221   -1096.7265     772.7439   -1105.8538     772.8536    0.5187
   53984.162014    -257.0284     784.3529    -261.2828     784.4630    0.1691
   53984.997453     446.8384     674.5986     444.6049     674.6920    0.2133
   53985.112146    -918.1423     663.9041    -933.6215     664.0036    0.2238
   53985.198051     -88.3580     693.0643     -92.8387     693.1653    0.0537
   53987.038214     188.9776     669.7412     143.1495     669.8784    0.0430
   53987.186271    -275.2027     643.0862    -286.5097     643.1810    0.1451
   53988.023500   -1651.2252     675.7054   -1705.4309     675.8524    0.2661
   53988.044738   -2231.7626     572.9919   -2246.1323     573.0897    0.5938
   53988.115219    2480.6370     728.6690    2317.5251     728.8330    0.1761
   53988.983063    -780.1599     711.7690    -794.4031     711.8778    0.3517
   53989.051745     580.6119     710.0652     548.1557     710.1932    0.2146
   53989.155432    -605.8756     788.8078    -629.1376     788.9351    0.2816
   53989.919826     -77.6743     711.0928     -97.0440     711.2053    0.0457
   53989.992282    -365.3630     657.4680    -371.6534     657.5690    0.2281
   53990.109665    -837.8005     636.8112    -843.1331     636.9078    0.4225
   53990.197809    -601.1382     700.9354    -610.9026     701.0357    0.3135
   53993.023647    -871.9541     654.3701    -884.5814     654.4699    0.4306
   53993.115786    -419.6327     723.6235    -424.0186     723.7308    0.2858
   53993.226931    -255.3860     750.7168    -267.3549     750.8339    0.1729
   53994.006567     649.9465     741.2733     636.3200     741.3877    0.3607
   53994.064677    -113.5665     783.2549    -117.6072     783.3667    0.0942
   53994.160335    -505.1973     747.1751    -522.7397     747.2933    0.2983
   53995.050078    -697.4860     692.2921    -706.2204     692.3993    0.4024
   53999.053427    -835.7268     668.3339    -844.8106     668.4355    0.4131
   53999.215378     -38.6644     738.8971     -52.6018     739.0137    0.0332
   54001.995773     174.1102     770.1683     165.2036     770.2810    0.1002
   54002.230231    -200.3817     810.8956    -212.4017     811.0163    0.1587
   54002.945239    -392.0069     753.0238    -404.8055     753.1441    0.2499
   54003.073871     -25.6107     811.6297     -38.6769     811.7504    0.0251
   54003.244549    1236.2758     836.1089    1224.0061     836.2314    0.5706
   54006.883741   -1190.5375     806.7724   -1206.4829     806.8999    0.4769
   54007.074329    -706.2420     841.4377    -716.5722     841.5626    0.3877
   54007.910431    -487.3256     824.9281    -503.6891     825.0613    0.2685
   54008.087064      67.1523     827.8758      50.1944     828.0075    0.0245
   54008.226836     -13.0703     772.1917     -34.6841     772.3254    0.0184
   54008.898088    -695.4586     624.4066    -701.1019     624.5103    0.3554
   54008.945724   -2559.9477     715.3967   -2589.0366     715.5131    0.4960
   54009.155426    -239.0388     695.5362    -252.0841     695.6494    0.1345
   54015.007946   -5122.2712     774.6015   -5151.5178     774.7196    0.7948
   54015.111460    2752.3790     838.4093    2700.3819     838.5636    0.4874
   54015.877005   -1267.0561     691.6916   -1292.1693     691.8122    0.3588
   54015.944741   -2397.0967     736.6990   -2453.3488     736.8505    0.4771
   54017.073755    -876.6942     781.6986    -875.1954     781.8036    0.3457
   54017.177628     194.5505     792.8321     172.6334     792.9645    0.0672
   54021.916027    -251.0064     669.4458    -257.9612     669.5445    0.1421
   54022.086752    -889.5005     717.9210    -903.0223     718.0334    0.4172
   54029.056022   -1033.7371     743.2601   -1036.7651     743.3665    0.5249
   54029.884109    -500.7757     724.4270    -505.9295     724.5306    0.3501
   54030.059377    -731.9576     655.6913    -734.5738     655.7881    0.3306
   54030.873163    -893.8742     836.4994    -908.4493     836.6279    0.4280
   54031.077589    -117.6836     759.0597    -118.8439     759.1633    0.0748
   54032.086225      36.0102     679.1455      33.3421     679.2452    0.0185
   54043.866322   -1925.7868     786.6875   -1974.7408     786.8527    0.3250
   54044.052175    1602.0437     802.5842    1596.8757     802.6929    0.5570
   54044.160766   -3400.3976     840.2637   -3464.9589     840.4307    0.5146
   54052.823657     683.5308     769.9403     648.7631     770.0790    0.1281
   54053.143086    -265.1858     716.9619    -383.5945     717.1623    0.0464
   54056.018647   -1152.1338     818.8952   -1147.7656     819.0007    0.5176
   54056.986806   -1283.0034     812.6451   -1297.7637     812.7717    0.4644
   54057.070076    -266.9412     731.3299    -269.2548     731.4197    0.1877
   54057.839803   -1685.7631     822.1031   -1723.0455     822.2114    0.2208
   54062.025685   -1196.6869     699.2960   -1206.7110     699.4006    0.4539
   54062.816959    -988.2302     760.8288   -1005.1482     760.9482    0.3842
   54063.030891   -1159.4838     752.6022   -1167.0390     752.7160    0.5020
   54067.920162     974.5293     580.7224     958.7756     580.7815    0.3514
   54068.951911    -978.4648     796.8959    -979.9755     797.0004    0.4742
   54069.071971     205.8194     731.6908     199.1221     731.7820    0.1367
   54069.985316     -85.1265     762.5336     -78.1470     762.6294    0.0396
   54070.975053    1200.5973     789.5641    1177.6858     789.6696    0.2214
   54071.947659     606.3093     800.4186     575.7959     800.5405    0.1350
   54072.062691    -802.6682     734.4960    -790.2787     734.5476    0.1465
   54073.024805   -1033.9248     815.2129   -1084.9993     815.3420    0.1469
   54073.995071   -1580.7657     843.6777   -1623.3909     843.8258    0.3596
   54075.936159    -683.2902     740.6935    -683.6122     740.7926    0.2836
   54077.016146    -326.1636     725.9900    -322.9839     726.0682    0.1868
   54083.926384    -465.4316     789.1569    -465.9995     789.2626    0.3022
   54091.008425    -661.7975     836.1782    -660.4510     836.2899    0.4904
   54098.870853    -389.9091     769.6018    -388.0669     769.6968    0.2482
   54100.015071   -1195.4444     623.4291   -1212.5192     623.5086    0.4527
   54100.861408   -1395.8057     699.9889   -1395.0221     700.0829    0.5618
   54103.964556    -716.5687     841.6945    -733.8247     841.8263    0.3165
   54104.874304      90.1108     775.6299      69.6345     775.7429    0.0139
   54105.920547    1563.7216     820.0194    1301.9651     820.3476    0.1034
   54106.868027   -3650.0372     799.6531   -3698.0461     799.7847    0.5045
   54106.962727   -1973.9254     764.0963   -1983.2362     764.1885    0.3929
   54108.964487   -1321.4450     774.6293   -1326.8309     774.7362    0.5576
   54109.870530       8.0060     648.6986     -22.9948     648.8055    0.0039
   54110.831717   -1143.6240     753.7703   -1148.7100     753.8827    0.4730
   54113.832469   -1534.6406     849.0410   -1537.6458     849.1538    0.6190
   54113.945998     488.6098     659.7786     489.5683     659.8389    0.2956
   54114.830617   -1197.8921     677.0546   -1200.5819     677.1474    0.4573
   54116.835981   -1437.8281     708.4681   -1437.7547     708.5653    0.6317
   54120.835376     -50.1297     656.4952     -46.4037     656.5559    0.0321
   54121.877940   -1636.2388     776.6120   -1649.2420     776.7273    0.6329
   54122.832745   -1069.9865     661.5632   -1077.7794     661.6614    0.4892
   54124.835989      -0.0000         -nan       0.0000         -nan      -nan
   54139.849848    -922.1845     684.7253    -918.4945     684.8179    0.3441
   54143.859836    -922.9066     729.0090    -921.1752     729.1038    0.3166
   54153.864041    1024.7131     792.3576    1038.2789     792.4458    0.2980
   54327.069268   -1181.0361     760.0851   -1187.4092     760.1937    0.5910
   54327.176723    -363.5012     788.9085    -363.4832     789.0164    0.2432
   54328.172537    -556.4383     639.4345    -564.5981     639.5360    0.2830
   54329.014104    -163.6125     747.9885    -167.5739     748.0930    0.0728
   54329.160452   -1259.5307     663.3100   -1258.8106     663.4069    0.6078
   54330.109365   -1096.6163     660.0122   -1092.0202     660.0984    0.5065
   54331.185644      36.6249     652.5094      35.8966     652.5765    0.0332
   54332.005887   -1402.0891     754.3735   -1413.5009     754.4897    0.4923
   54332.079042   -1901.5109     712.9305   -1899.1329     713.0258    0.6611
   54332.212436    -130.8957     754.1862    -136.2273     754.2955    0.1366
   54333.141334   -1685.7039     600.3711   -1686.2267     600.4626    0.6406
   54333.219809    -213.6565     603.5109    -215.8383     603.5988    0.1146
   54334.011969     283.6519     738.7886     280.2994     738.8960    0.1376
   54334.076988    -750.6548     635.7483    -756.3165     635.8483    0.3884
   54334.151855   -1198.9198     591.0455   -1199.1398     591.1339    0.5736
   54335.030782     641.1924     706.7090     638.8928     706.8150    0.3941
   54335.093246   -1290.1247     713.3346   -1293.5330     713.4371    0.6125
   54335.206386    -725.9235     738.8489    -727.4035     738.9484    0.4452
   54336.086550    -770.2465     652.6640    -774.0346     652.7617    0.4566
   54336.151581    -130.7412     684.5494    -130.0218     684.6468    0.0898
   54337.991166   -2005.2239     777.5054   -2012.4428     777.6143    0.7155
   54338.098563   -1401.4075     727.8625   -1402.4132     727.9654    0.6869
   54338.220432    -236.9535     758.8360    -234.3758     758.9392    0.1651
   54339.081801   -1322.4949     753.4309   -1333.8081     753.5457    0.5986
   54339.132267   -1062.1339     755.9906   -1064.8264     756.0969    0.5844
   54340.191186   -1062.1330     634.3185   -1071.3132     634.4049    0.3380
   54342.107974   -1259.3269     559.8232   -1263.1288     559.9175    0.3930
   54342.165531    -751.3055     600.0965    -759.6561     600.1869    0.2686
   54344.144538   -1698.7868     644.3280   -1709.8788     644.4208    0.5185
   54358.038062   -1289.3837     631.2238   -1309.0677     631.3317    0.4337
   54358.071695   -1068.8029     727.7368   -1083.7661     727.8496    0.4302
   54358.135919    -713.1959     625.1038    -726.5616     625.2035    0.3015
   54359.083823   -1622.4489     592.0791   -1631.0130     592.1733    0.5131
   54359.138207    -549.1675     602.8861    -576.7661     602.9941    0.1610
   54359.919368   -1912.2834     678.5301   -1931.1327     678.6386    0.5098
   54359.996993   -1200.4786     661.2676   -1226.3498     661.3875    0.3525
   54360.211783   -1114.3337     648.1290   -1132.4859     648.2387    0.4141
   54360.887610   -3155.7136     743.2094   -3189.2311     743.3439    0.7833
   54361.160972    -876.3087     678.3459    -897.5963     678.4597    0.3267
   54361.216848   -1529.5969     732.0641   -1556.3066     732.1869    0.5513
   54361.860825       0.0119         -nan     -75.1124     136.2025    0.1177
   54361.948813   -1256.5746     676.6637   -1274.2853     676.7700    0.4242
   54362.169117   -1334.4684     735.5525   -1362.0710     735.6753    0.4757
   54362.880633   -1036.4000     624.3443   -1057.7272     624.4438    0.3187
   54363.010028   -1167.7639     543.0835   -1187.1689     543.1871    0.3697
   54363.099807   -1296.2373     702.4609   -1320.9821     702.5715    0.3858
   54363.233566    -194.0120     774.9130    -234.9187     775.0565    0.0821
   54363.867530   -1030.7120     612.7099   -1044.2719     612.7986    0.2932
   54363.922113   -1875.9915     683.7506   -1896.8735     683.8607    0.5141
   54364.044786   -1430.0187     592.5878   -1442.9813     592.6896    0.4775
   54364.160226   -1050.7493     576.0083   -1075.1917     576.1116    0.3238
   54368.041842    -550.9527     718.4747    -566.3614     718.5918    0.2029
   54368.096319   -1081.9200     765.4896   -1113.0489     765.6218    0.3473
   54368.897419   -1354.0722     626.7623   -1389.0180     626.8737    0.3091
   54369.065793   -1741.1613     807.9786   -1774.4763     808.1180    0.5645
   54369.133857   -1438.0428     786.5441   -1457.6495     786.6681    0.5217
   54369.887826   -1451.2329     649.8442   -1455.9866     649.9302    0.5109
   54370.094450   -1390.3727     656.5258   -1411.8280     656.6300    0.4146
   54370.916703   -1109.4370     670.3385   -1135.1310     670.4502    0.3206
   54371.027501   -1264.4926     618.2179   -1271.1124     618.3199    0.4047
   54371.115939    -410.1313     629.6684    -423.8924     629.7635    0.1451
   54371.215042   -1696.6881     729.1953   -1718.0481     729.3109    0.4853
   54372.076773    -922.4028     646.3418    -946.0242     646.4545    0.3279
   54376.069273   -2372.7471     683.1051   -2392.8788     683.2084    0.5932
   54376.145977   -1379.9565     711.6696   -1404.0757     711.7804    0.4016
   54376.214248   -1752.2902     793.2488   -1778.7563     793.3785    0.5386
   54376.890447   -1158.7400     594.6364   -1189.9903     594.7427    0.2933
   54376.996982    -619.2973     684.0369    -631.5188     684.1385    0.1985
   54377.120904   -1423.7750     663.0726   -1449.6034     663.1855    0.4155
   54379.896162   -1775.8298     802.9205   -1816.4354     803.0636    0.4883
   54380.104011   -1068.3954     635.1951   -1085.8043     635.3015    0.2967
   54380.232538   -1101.8568     726.3408   -1125.1825     726.4456    0.1929
   54381.884236   -1553.2246     818.1710   -1592.3131     818.3142    0.4279
   54383.006401   -1690.3627     843.1326   -1736.7002     843.2874    0.4427
   54383.866921   -1660.3227     835.1710   -1689.5118     835.3069    0.4406
   54384.040258    -249.9254     788.6109    -261.2007     788.7447    0.0911
   54386.853808   -1916.8837     787.4740   -1962.4352     787.6215    0.5064
   54388.860451   -1331.0783     642.4159   -1355.6046     642.5186    0.3605
   54389.870875   -1319.5447     721.6434   -1353.6630     721.7682    0.3611
   54391.868050   -1511.1019     733.1251   -1550.2026     733.2583    0.4197
   54392.852392   -1092.0950     657.4299   -1115.2495     657.5377    0.3304
   54393.857552    -970.1094     720.8938    -999.2333     721.0114    0.2837
   54394.054548    -887.9189     670.6624    -914.4200     670.7745    0.2865
   54394.916237   -1618.1569     805.0433   -1652.0360     805.1832    0.5081
   54395.938779   -1574.6823     579.3647   -1580.8290     579.4265    0.6671
   54396.035877    -463.6548     626.0982    -478.5607     626.1739    0.2955
   54396.151227   -1690.1283     753.8180   -1717.0600     753.9425    0.6558
   54396.851539    -652.5464     639.0824    -665.8474     639.1822    0.2324
   54396.993552    -760.1469     632.1453    -767.8436     632.2365    0.2467
   54397.048353   -1155.8301     763.5121   -1190.1259     763.6468    0.4023
   54397.154204    -674.8357     675.5482    -688.4520     675.6483    0.1968
   54397.888667    -248.9898     660.2007    -261.8379     660.3032    0.0867
   54398.013865    -464.3967     699.9672    -490.3346     700.0794    0.1623
   54398.090305    -487.4015     621.2393    -504.7454     621.3375    0.1680
   54398.837015    -741.6072     617.0214    -743.6140     617.1076    0.2357
   54402.023185    -793.6098     722.1514    -817.0511     722.2698    0.3067
   54403.034103    -929.6623     820.5941    -943.3783     820.7170    0.4625
   54405.005508     -62.9499     703.8826     -84.0276     703.9923    0.0296
   54405.927183    -830.1613     696.8822    -851.5203     696.9983    0.2990
   54406.907883    -121.6625     594.0026    -126.7919     594.0963    0.0484
   54407.841616    -242.9994     656.7765    -254.7924     656.8783    0.1087
   54408.931783     122.4808     764.9942     111.5098     765.1101    0.0523
   54409.888016    -341.4265     624.2740    -340.4014     624.3700    0.1601
   54449.848981    -333.7718     755.2173    -331.2510     755.3191    0.2164
   54458.951591      93.1343     805.6509      94.4181     805.7602    0.0872
   54464.980226    -146.4052     811.8837    -147.1623     811.9960    0.1226
   54468.853790    -296.5231     782.9367    -294.8163     783.0420    0.2136
   54472.924215       0.9000     762.5980      -2.7274     762.7094    0.0022
   54477.876428    -496.9949     641.6656    -497.8769     641.7561    0.2681
   54478.915807    -271.5458     801.3970    -271.0464     801.5085    0.1743
   54481.899128    -124.7526     635.9417    -125.8277     636.0040    0.1123
   54721.979146    -700.3033     764.8548    -707.0958     764.9656    0.3348
   54722.130799     275.8466     760.2231     274.9139     760.3242    0.1776
   54722.964461   -1334.7491     764.0903   -1350.4366     764.2101    0.6407
   54723.150340    -788.9544     774.9215    -791.7042     775.0285    0.4282
   54728.888316    -743.0172     788.0125    -744.5128     788.1144    0.4055
   54729.115002     -29.6808     775.0778     -33.7852     775.1877    0.0182
   54729.992063    -583.2661     727.5642    -596.5934     727.6836    0.3077
   54730.867771    -432.6846     794.2394    -437.5124     794.3506    0.2398
   54731.112905    -634.6856     710.3309    -643.9324     710.4351    0.2666
   54731.858816    -779.8580     642.6197    -784.1108     642.7090    0.3228
   54732.056065    -751.5272     601.9744    -758.2737     602.0770    0.2945
   54732.117206     -88.4400     594.8241     -90.2152     594.9127    0.0412
   54732.975148   -1150.9106     713.5935   -1160.1548     713.7001    0.5288
   54733.114483      80.0659     662.2632      66.3381     662.3589    0.0255
   54738.231546     307.5664     764.0527     299.2883     764.1633    0.1670
   54742.831602    -784.9639     750.7092    -799.9790     750.8211    0.3160
   54743.027685     270.4088     742.1997     265.0558     742.2916    0.1481
   54744.034301     -25.8779     748.9791     -28.2898     749.0863    0.0137
   54745.971025      48.3371     775.3178      33.3754     775.4384    0.0152
   54746.109845    -214.7563     738.8239    -216.3687     738.9241    0.1263
   54746.969733    -346.4869     612.2874    -358.1727     612.3902    0.1342
   54747.012534     -59.5160     688.6338     -73.8176     688.7475    0.0341
   54747.037456    -404.5521     699.0832    -420.6633     699.1922    0.1642
   54747.057180     286.2028     679.1776     275.2659     679.2847    0.1347
   54747.110852     111.7607     646.4078     101.3177     646.5127    0.0526
   54747.944900    -163.1549     656.3571    -179.4481     656.4674    0.0674
   54748.155688     314.0697     814.1665     308.9744     814.2846    0.1573
   54749.990436    -164.9178     749.2208    -174.0826     749.3236    0.1062
   54750.054532     608.5618     791.0381     611.4617     791.1410    0.3137
   54754.866813     266.6617     712.1621     233.1946     712.3005    0.0706
   54755.022698     659.0344     756.7657     641.3540     756.8824    0.2172
   54755.110949    -201.6378     690.8637    -208.3782     690.9676    0.1076
   54756.039912    1106.3469     688.0203    1097.0676     688.1014    0.5902
   54756.208894     591.1495     638.4424     587.6201     638.5046    0.2464
   54759.843448      88.5620     706.6701      78.8618     706.7767    0.0379
   54760.020326    -200.9971     657.4817    -205.9743     657.5719    0.0789
   54760.114982    -420.2403     765.4428    -427.5114     765.5555    0.2366
   54760.951581      41.7811     737.5574      32.9275     737.6770    0.0183
   54761.164093     779.9759     785.3651     772.5463     785.4789    0.4058
   54766.949102     209.3224     797.6910     199.3485     797.8214    0.1125
   54776.813932    -108.8129     737.1034    -113.8373     737.2068    0.0591
   54777.114146     795.8095     826.7971     796.6037     826.9056    0.3986
   54777.814296      30.8981     667.6591      25.9915     667.7582    0.0163
   54778.807330   -1227.4972     697.2940   -1244.3352     697.3948    0.3232
   54779.889474    2308.0940     757.6402    2286.8831     757.7474    0.5282
   54780.026488    -699.3186     779.0830    -702.3487     779.1943    0.4034
   54781.110710      -0.0000         -nan       0.0000         -nan      -nan
   54781.820937    -722.2992     661.9972    -737.0682     662.1026    0.3504
   54781.993015     579.7660     751.3999     565.9192     751.5052    0.3381
   54782.109602     425.7071     765.8385     411.5487     765.9463    0.1899
   54782.878280    -422.0972     786.2744    -434.4033     786.3921    0.2628
   54782.961587     255.8397     736.7947     228.5214     736.9108    0.1108
   54784.972068     606.0729     613.1097     604.6814     613.1963    0.2938
   54785.808638     356.1030     731.6244     339.0720     731.7427    0.1491
   54785.958383     609.8703     660.4793     598.4305     660.5564    0.4451
   54786.114890     746.7591     786.2826     743.4231     786.3852    0.4748
   54786.801530    -200.4695     771.9066    -206.9660     772.0176    0.1535
   54786.944743     215.6098     757.9620     206.3185     758.0769    0.1350
   54787.113039     349.3905     795.5044     340.9452     795.6223    0.2580
   54787.801133    -206.5159     702.8133    -212.7887     702.9166    0.1287
   54788.009055    -168.9678     806.1751    -171.5756     806.2897    0.1429
   54788.111388    -297.6401     822.3583    -313.9451     822.4878    0.1892
   54788.809424    -353.4173     739.1067    -356.3224     739.2105    0.2393
   54789.824058     909.9598     794.4439     900.3570     794.5600    0.5354
   54793.792379     582.1057     763.0982     577.3582     763.2068    0.3578
   54794.009876     264.6752     793.4665     258.8293     793.5781    0.1726
   54794.887530     210.2473     702.8578     204.2906     702.9692    0.1232
   54795.838209    2455.5900     729.6553    2420.9716     729.7671    0.3753
   54798.831529    -563.5115     723.7218    -569.8215     723.8295    0.2670
   54799.819477      33.0498     862.3142      23.3482     862.4432    0.0164
   54800.842969   -2698.6015     826.6598   -2719.7743     826.7862    0.5695
   54801.825306    -210.8739     747.7816    -232.0596     747.9067    0.0604
   54802.053558    -674.9376     809.3825    -682.8399     809.4996    0.3935
   54802.887122   -2093.0983     774.2411   -2311.0545     774.5687    0.2033
   54804.861224    -108.8197     789.6905    -110.5174     789.7997    0.0832
   54805.824508     -21.0148     708.7249     -26.0477     708.8283    0.0150
   54807.819816      52.9907     750.4960      44.5769     750.6099    0.0380
   54807.944722     465.8007     811.4501     455.8960     811.5651    0.2698
   54808.803814    -806.1831     776.0404    -833.3399     776.1709    0.3304
   54810.818032  -75382.6636     814.9082 -404289.9357    1141.4637    0.5346
   54811.814957    1263.1229     739.6145    1206.6629     739.7522    0.2379
   54811.944625    -321.8372     664.0213    -326.7823     664.0980    0.2535
   54813.900954    -830.1484     781.2515    -844.7631     781.3708    0.4535
   54814.002216    -164.6920     752.2818    -168.4924     752.3807    0.1197
   54816.808573    -488.1278     717.2009    -498.2429     717.2966    0.4154
   54816.945915    -316.9370     793.8671    -326.2087     793.9822    0.2061
   54817.795868    -894.0454     614.3764    -899.0796     614.4723    0.4288
   54818.793768    -324.7862     723.6258    -333.3727     723.7322    0.1755
   54818.918720    -924.4524     806.2935    -938.4782     806.4153    0.5233
   54819.939857   -1207.1620     760.1242   -1227.5633     760.2382    0.4149
   54820.870647    -413.7976     769.8988    -428.2727     770.0143    0.2275
   54820.928430   -1650.9697     800.5374   -1664.5091     800.6539    0.4830
   54821.811562      45.4512     733.4720      38.8405     733.5866    0.0271
   54822.020296   -1117.3602     794.9424   -1130.2612     795.0624    0.5567
   54822.801048    1037.6991     711.2993    1031.3545     711.4078    0.3193
   54828.796834    -476.9781     711.6910    -481.7465     711.8033    0.2285
   54833.799382    -321.9476     656.9635    -325.1625     657.0621    0.1951
   54833.898684    -707.9189     735.7905    -714.5255     735.9013    0.4742
   54834.864915    -241.8310     730.6554    -245.7338     730.7607    0.1757
   54835.932008    -827.8431     748.2338    -838.7127     748.3485    0.4660
   54841.808627   -1615.4454     793.1890   -1622.8776     793.3020    0.6745
   54844.878420    -876.9667     666.9363    -890.2644     667.0429    0.3885
   54845.807404     -89.8014     660.7822     -88.8358     660.8720    0.0433
   54850.813522    -884.2698     742.7942    -883.3148     742.8906    0.4121
   54851.829471    -943.5326     791.8175    -947.7685     791.9245    0.4455
   54852.906484    -512.6698     718.7599    -513.0631     718.8614    0.2458
   54854.885684    -160.7386     698.7573    -174.4758     698.8706    0.0801
   54857.888094    -824.0136     685.5891    -842.7304     685.7055    0.2466
   54858.811510    -960.4654     654.1806    -959.8172     654.2648    0.3310
   54859.832322    -414.0290     595.1893    -414.7134     595.2795    0.1883
