   53234.093220    4172.7009     721.9597    4151.8844     721.9856    0.7522
   53235.002552    -195.4083     565.0626    -230.8157     565.1121    0.0682
   53235.967716   -3675.7802     646.5297   -3697.5489     646.5615    0.7460
   53239.065163     723.3994     496.1542     710.2861     496.1830    0.2759
   53240.063021   -1524.3021     642.0396   -1544.7991     642.0664    0.4049
   53242.104698   -5275.3972     585.0394   -5282.5277     585.0683    0.8758
   53234.093220    4172.7009     721.9597    4151.8844     721.9856    0.7522
   53235.002552    -195.4083     565.0626    -230.8157     565.1121    0.0682
   53235.967716   -3675.7802     646.5297   -3697.5489     646.5615    0.7460
   53239.065163     723.3994     496.1542     710.2861     496.1830    0.2759
   53240.063021   -1524.3021     642.0396   -1544.7991     642.0664    0.4049
   53242.104698   -5275.3972     585.0394   -5282.5277     585.0683    0.8758
   53248.931967    6760.5103     484.3358    6741.1913     484.3990    0.7409
   53249.066072    1597.3814     614.3777    1499.0447     614.4890    0.2284
   53250.063664    3003.5554     491.0177    2966.1109     491.0951    0.6037
   53254.179723      -0.0000         -nan       0.0000         -nan      -nan
   53254.924382   -1953.7556     633.7324   -1975.8975     633.7628    0.5566
   53256.970338     288.5437     561.1901     274.2348     561.2076    0.0880
   53257.912489   -1103.3120     465.6848   -1118.3251     465.7181    0.3871
   53259.066294   -1414.5761     498.5269   -1427.9319     498.5558    0.5311
   53259.978942     622.5438     480.6806     605.3314     480.7211    0.2493
   53260.118090   -5858.0970     511.5986   -5891.4159     511.6268    0.6995
   53262.913202    1217.7380     501.5677    1209.4254     501.5961    0.4324
   53272.076350     197.8455     521.6322     194.7292     521.6456    0.1079
   53282.066447    -653.2248     468.2429    -659.4603     468.2653    0.2780
   53284.086970   -2930.5873     509.5156   -2943.6055     509.5434    0.6808
   53285.064767   -1717.2190     471.2849   -1719.7900     471.3010    0.6039
   53293.953793    -237.3233     439.6291    -246.8619     439.6671    0.1364
   53294.899228      58.5455         -nan   -6822.5996     470.3779    0.7395
   53295.066034   -1833.1249     514.1505   -1861.5814     514.1898    0.3759
   53300.920510  -20319.7582    1753.3057   -1894.2027     534.5003    0.6265
   53301.065440     805.9480     541.5474     796.4742     541.5682    0.3055
   53302.921923    -737.1582     616.3739    -761.6303     616.4022    0.2009
   53303.067142   -3853.9708     626.6508   -3873.7202     626.6787    0.7030
   53303.978711   -3121.2761     445.9123   -3141.1998     445.9519    0.6697
   53304.064705    -604.8557     464.0511    -623.0841     464.0913    0.1693
   53304.939783     468.8117     519.1759     425.8674     519.2291    0.0942
   53305.065633  -10582.4727     543.3119  -10682.6979     543.4618    0.7342
   53324.907129     831.0514     715.3065     817.6722     715.3210    0.2862
   53324.913853   -1282.3365     680.5216   -1292.7642     680.5386    0.5098
   53324.920452    -901.9580     699.3884    -913.5152     699.4051    0.3556
   53324.927040     713.5575     696.7615     701.6267     696.7792    0.2674
   53324.933680    1145.2154     782.8071    1128.3141     782.8259    0.3561
   53340.898429     491.5257     637.8425     481.4529     637.8616    0.1993
   53346.903001   -3507.7688     597.0965   -3511.5638     597.1059    0.7257
   53346.915925   -1883.6925     560.7378   -1892.1356     560.7558    0.5892
   53346.924944   -2317.7394     557.8100   -2321.7742     557.8237    0.6847
   53347.903977    -976.0229     532.3384    -980.4872     532.3544    0.3980
   53348.957351    -419.0869     496.4234    -425.3159     496.4501    0.2067
   53359.898422   -1029.0190     712.2876   -1051.2772     712.3157    0.2780
   53369.909499   -3845.0942     587.4089   -3875.6034     587.4479    0.6662
   53372.926898   -2773.5012     936.5163   -2914.3951     936.6652    0.3207
   53373.897986    -606.4060     527.4796    -611.2979     527.4989    0.2863
   53377.903213     583.5491     535.2260     580.7169     535.2416    0.2860
   53378.900812   -1956.3243     534.7375   -1962.0463     534.7563    0.6542
   53378.919168    -815.7317     555.1930    -825.7979     555.2128    0.3283
   53382.923916   -1084.5645     701.6014   -1089.3810     701.6117    0.4450
   53384.905112      26.4647     486.3515      23.4961     486.3735    0.0128
   53598.148009   -1891.5553     597.3148   -1895.0366     597.3306    0.7339
   53599.008939   -1164.8684     522.4459   -1167.4451     522.4598    0.6113
   53599.134486   -3771.9070     451.2235   -3779.9915     451.2519    0.7543
   53604.991578     161.5218     487.3959     151.0587     487.4281    0.0608
   53605.131613   -6981.1338     438.0347   -7016.4065     438.0986    0.7230
   53605.971982    -684.0844     513.2625    -691.8243     513.2872    0.3465
   53606.990849   -4415.4218     689.7454   -4435.3809     689.7810    0.8141
   53610.017974    -626.8705     512.8975    -635.7447     512.9266    0.3730
   53610.145132       1.1774         -nan   -1257.7030     378.9577    0.4360
   53613.971578   -1454.6228     475.8171   -1464.9611     475.8503    0.5524
   53614.129236       0.7300         -nan    -635.5771     400.3474    0.3602
   53614.965426      46.1945     497.4274      33.7896     497.4622    0.0169
   53615.979044     313.3628     480.9857     303.1327     481.0235    0.1604
   53616.128010   -2485.4108     472.9291   -2495.3039     472.9556    0.6559
   53617.171992   -1036.4415     548.5058   -1043.6396     548.5297    0.5058
   53617.972238    -413.9933     618.7444    -421.8419     618.7616    0.2042
   53618.129114   -3925.0627     581.6401   -3924.3392     581.6511    0.8246
   53619.167789      -0.0000         -nan       0.0000         -nan      -nan
   53625.971638    -127.2051     861.2331    -140.9951     861.2503    0.0465
   53627.981417   -3434.6924     895.4101   -3452.9238     895.4247    0.6159
   53628.130302     130.9114         -nan   -1755.4061     610.0265    0.7503
   53629.009387    -729.8966     461.8158    -732.5262     461.8434    0.4917
   53629.130413      -0.0000         -nan       0.0000         -nan      -nan
   53646.144171      -0.0000         -nan       0.0000         -nan      -nan
   53647.969764      -0.0000         -nan       0.0000         -nan      -nan
   53648.966688      -0.0000         -nan       0.0000         -nan      -nan
   53649.129686   -1917.6971     427.7162   -1926.2390     427.7521    0.6858
   53653.974556      -0.0000         -nan       0.0000         -nan      -nan
   53654.140809   -1339.1821     666.5189   -1345.0832     666.5323    0.5276
   53656.129683      -0.0000         -nan       0.0000         -nan      -nan
   53657.129944      -0.0000         -nan       0.0000         -nan      -nan
   53661.132064      -0.0000         -nan       0.0000         -nan      -nan
   53661.176851      -0.0000         -nan       0.0000         -nan      -nan
   53662.141793       1.0214         -nan   -3370.5586     167.2676    0.2562
   53664.162692      -0.0000         -nan       0.0000         -nan      -nan
   53664.853878      -0.0000         -nan       0.0000         -nan      -nan
   53664.967024      -0.0000         -nan       0.0000         -nan      -nan
   53665.135061   -1172.0683     522.3821   -1173.2570     522.3971    0.6196
   53665.832332      -0.0000         -nan       0.0000         -nan      -nan
   53666.825980   -2070.2446     547.9225   -2073.5423     547.9375    0.7288
   53666.968992      -0.0000         -nan       0.0000         -nan      -nan
   53667.854443   -3502.2412     472.9487   -3508.6642     472.9755    0.7788
   53667.980064      -0.0000         -nan       0.0000         -nan      -nan
   53671.322626     724.0907     700.4711     720.8007     700.4792    0.3518
   53675.011445       0.2865         -nan    -702.4273     279.2945    0.2957
   53676.972978      -0.0000         -nan       0.0000         -nan      -nan
   53677.976332      -0.0000         -nan       0.0000         -nan      -nan
   53678.976952   -7036.8822     784.9417   -7044.2063     784.9560    0.8487
   53679.964436    -101.3279     787.1880    -105.9111     787.1977    0.0753
   53680.167131   -1831.4500     608.1065   -1838.2597     608.1236    0.7011
   53680.861570      -0.0000         -nan       0.0000         -nan      -nan
   53680.963556       2.1650         -nan   -2295.1590     430.6127    0.5669
   53681.844134   -1071.1892     500.1631   -1093.5750     500.1957    0.3455
   53682.878460  -62583.7402     728.6249  -64051.5829     730.3260    0.8506
   53684.000010   -2343.6592     476.5084   -2348.6985     476.5344    0.7759
   53684.971818   -1444.6241     612.2990   -1449.5016     612.3170    0.6569
   53694.980500    -979.2961     488.2745    -981.1916     488.2952    0.7253
   53695.970776    -706.5479     491.5216    -899.5989     491.7643    0.1206
   53698.978875      -0.0000         -nan       0.0000         -nan      -nan
   53706.843868      -0.0000         -nan       0.0000         -nan      -nan
   53706.976008    -779.6365     610.4898    -781.7938     610.5015    0.5077
   53707.875403      -0.0000         -nan       0.0000         -nan      -nan
   53707.967968      -0.0000         -nan       0.0000         -nan      -nan
   53708.826614      -0.0000         -nan       0.0000         -nan      -nan
   53712.842098      -0.0000         -nan       0.0000         -nan      -nan
   53712.878108      -0.0000         -nan       0.0000         -nan      -nan
   53714.019653   -1766.6389     674.1698   -1773.9023     674.1869    0.6528
   53714.818549      -0.0000         -nan       0.0000         -nan      -nan
   53717.981794   -1372.3958     517.5679   -1422.7020     517.6535    0.3491
   53726.817166      -0.0000         -nan       0.0000         -nan      -nan
   53726.976577    -625.8610     585.5061    -628.3500     585.5203    0.5272
   53728.829957      -0.0000         -nan       0.0000         -nan      -nan
   53728.969178     -31.0954     611.3256     -36.5723     611.3406    0.0237
   53730.822405      -0.0000         -nan       0.0000         -nan      -nan
   53734.822374      -0.0000         -nan       0.0000         -nan      -nan
   53734.965526     380.3495     749.2923     373.7196     749.3059    0.2679
   53735.841266      -0.0000         -nan       0.0000         -nan      -nan
   53735.973014     -45.6291     675.1283     -49.4389     675.1389    0.0344
   53737.832088      -0.0000         -nan       0.0000         -nan      -nan
   53737.991185    -533.9225     941.6553    -550.1388     941.6734    0.1737
   53756.822887     808.7081     867.4765     801.7230     867.4864    0.3555
   53766.853972      -0.0000         -nan       0.0000         -nan      -nan
   53966.139752   -1295.0016     561.5605   -1297.3327     561.5753    0.6846
   53967.130524      87.1853     563.5492      85.4258     563.5622    0.0791
   53968.072106   -1071.6312     549.1660   -1077.4217     549.1886    0.5846
   53968.164800    -970.3897     615.4336    -973.7054     615.4466    0.6342
   53968.977293      -0.0000         -nan       0.0000         -nan      -nan
   53969.170740      -0.0000         -nan       0.0000         -nan      -nan
   53969.990296      -0.0000         -nan       0.0000         -nan      -nan
   53971.983848      -0.0000         -nan       0.0000         -nan      -nan
   53972.962527      -0.0000         -nan       0.0000         -nan      -nan
   53973.038534      -0.0003         -nan       0.9116      11.4089    0.0277
   53974.062160   -1424.0885     644.5251   -1432.1943     644.5439    0.5863
   53974.991542      -0.0000         -nan       0.0000         -nan      -nan
   53975.964037      -0.0000         -nan       0.0000         -nan      -nan
   53976.064261   -1457.3302     455.4243   -1471.1964     455.4692    0.5917
   53979.003510     346.9308         -nan   -4403.2997     564.7216    0.7795
   53979.088479       0.1326         -nan    -345.9315     260.8249    0.1127
   53979.170282      -0.0000         -nan       0.0000         -nan      -nan
   53980.117609      -0.0000         -nan       0.0000         -nan      -nan
   53980.988993       9.0689         -nan   -3361.8889     432.2821    0.6372
   53982.939051      -0.0000         -nan       0.0000         -nan      -nan
   53983.977704      -0.0000         -nan       0.0000         -nan      -nan
   53984.053221   -3749.5205     691.4292   -3771.3352     691.4648    0.7260
   53984.162014      -0.0000         -nan       0.0000         -nan      -nan
   53984.997453       0.0768         -nan    -262.8159      40.0553    0.0764
   53985.112146      -0.0000         -nan       0.0000         -nan      -nan
   53985.198051      -0.0000         -nan       0.0000         -nan      -nan
   53987.038214   -9906.5583     494.1800   -9937.1439     494.2258    0.7513
   53987.186271      -0.0000         -nan       0.0000         -nan      -nan
   53988.023500  -32096.3880     515.3392  -32312.1425     515.5701    0.7529
   53988.044738      14.7826         -nan  -48216.8473     402.6737    0.5145
   53988.115219      -0.0000         -nan       0.0000         -nan      -nan
   53988.983063       0.0776         -nan    -264.9155      47.7393    0.0804
   53989.051745   -5526.6865     525.3740   -5555.9560     525.4225    0.7230
   53989.155432      -0.0000         -nan       0.0000         -nan      -nan
   53989.919826      -0.0000         -nan       0.0000         -nan      -nan
   53989.992282   -7580.1427     475.9082   -7609.8216     475.9583    0.7451
   53990.109665      -0.0000         -nan       0.0000         -nan      -nan
   53990.197809      -0.0000         -nan       0.0000         -nan      -nan
   53993.023647   -2272.9475     472.3547   -2283.1590     472.3889    0.6988
   53993.115786      -0.0000         -nan       0.0000         -nan      -nan
   53993.226931      -0.0000         -nan       0.0000         -nan      -nan
   53994.006567   -4447.6281     536.8916   -4460.9729     536.9266    0.7889
   53994.064677      -0.0000         -nan       0.0000         -nan      -nan
   53994.160335      -0.0000         -nan       0.0000         -nan      -nan
   53995.050078   -2610.1047     511.6117   -2623.3112     511.6476    0.7126
   53999.053427      32.6603         -nan   -3700.2291     461.1654    0.7841
   53999.215378      -0.0000         -nan       0.0000         -nan      -nan
   54001.995773     368.4282     540.5558     362.2014     540.5817    0.2901
   54002.230231      -0.0000         -nan       0.0000         -nan      -nan
   54002.945239     145.4440         -nan   -2731.8941     531.2835    0.7872
   54003.073871      -0.0000         -nan       0.0000         -nan      -nan
   54003.244549      -0.0000         -nan       0.0000         -nan      -nan
   54006.883741      -0.0000         -nan       0.0000         -nan      -nan
   54007.074329      -0.0000         -nan       0.0000         -nan      -nan
   54007.910431      -0.0531         -nan     150.8320     154.4497    0.0506
   54008.087064      -0.0000         -nan       0.0000         -nan      -nan
   54008.226836      -0.0000         -nan       0.0000         -nan      -nan
   54008.898088      -0.0000         -nan       0.0000         -nan      -nan
   54008.945724   -7829.3445     510.5058   -7855.6595     510.5494    0.7620
   54009.155426      -0.0000         -nan       0.0000         -nan      -nan
   54015.007946     157.1572         -nan  -36140.1212     801.1074    0.8733
   54015.111460      -0.0000         -nan       0.0000         -nan      -nan
   54015.877005      -0.0000         -nan       0.0000         -nan      -nan
   54015.944741  -25034.9819     564.3809  -25220.0227     564.5417    0.7711
   54017.073755      -0.0000         -nan       0.0000         -nan      -nan
   54017.177628      -0.0000         -nan       0.0000         -nan      -nan
   54021.916027    -555.6041     481.0041    -563.6551     481.0368    0.3322
   54022.086752      -0.0000         -nan       0.0000         -nan      -nan
   54029.056022      -0.0000         -nan       0.0000         -nan      -nan
   54029.884109    -208.0972     509.6645    -214.5272     509.6899    0.1329
   54030.059377      -0.0000         -nan       0.0000         -nan      -nan
   54030.873163    -619.8553     608.7375    -626.6727     608.7523    0.3196
   54031.077589      -0.0000         -nan       0.0000         -nan      -nan
   54032.086225      -0.0000         -nan       0.0000         -nan      -nan
   54043.866322    9276.3140     525.2371    9258.0621     525.2910    0.8610
   54044.052175      -0.0000         -nan       0.0000         -nan      -nan
   54044.160766      -0.0000         -nan       0.0000         -nan      -nan
   54052.823657    -595.2703     555.9192    -635.2216     555.9728    0.1661
   54053.143086      -0.0000         -nan       0.0000         -nan      -nan
   54056.018647      -0.0000         -nan       0.0000         -nan      -nan
   54056.986806      -0.0000         -nan       0.0000         -nan      -nan
   54057.070076      -0.0000         -nan       0.0000         -nan      -nan
   54057.839803    2013.2702     591.0938    1935.0382     591.1646    0.3179
   54062.025685      -0.0000         -nan       0.0000         -nan      -nan
   54062.816959     761.3617     529.2247     755.7090     529.2484    0.5021
   54063.030891      -0.0000         -nan       0.0000         -nan      -nan
   54067.920162    2122.3583     996.7530    2103.5220     996.7733    0.5233
   54068.951911      -0.0000         -nan       0.0000         -nan      -nan
   54069.071971      -0.0000         -nan       0.0000         -nan      -nan
   54069.985316      -0.0000         -nan       0.0000         -nan      -nan
   54070.975053      -0.0000         -nan       0.0000         -nan      -nan
   54071.947659      -0.0000         -nan       0.0000         -nan      -nan
   54072.062691      -0.0000         -nan       0.0000         -nan      -nan
   54073.024805      -0.0000         -nan       0.0000         -nan      -nan
   54073.995071    1618.3720     673.5517    1596.9404     673.5714    0.3848
   54075.936159      -0.0000         -nan       0.0000         -nan      -nan
   54077.016146      -0.0000         -nan       0.0000         -nan      -nan
   54083.926384      -0.0000         -nan       0.0000         -nan      -nan
   54091.008425      -0.0000         -nan       0.0000         -nan      -nan
   54098.870853      -0.0000         -nan       0.0000         -nan      -nan
   54100.015071      -0.0000         -nan       0.0000         -nan      -nan
   54100.861408      -0.0000         -nan       0.0000         -nan      -nan
   54103.964556      -0.0000         -nan       0.0000         -nan      -nan
   54104.874304      -0.0000         -nan       0.0000         -nan      -nan
   54105.920547      -0.0000         -nan       0.0000         -nan      -nan
   54106.868027      -0.0000         -nan       0.0000         -nan      -nan
   54106.962727      -0.0000         -nan       0.0000         -nan      -nan
   54108.964487      -0.0000         -nan       0.0000         -nan      -nan
   54109.870530      -0.0000         -nan       0.0000         -nan      -nan
   54110.831717      -0.0000         -nan       0.0000         -nan      -nan
   54113.832469      -0.0000         -nan       0.0000         -nan      -nan
   54113.945998      -0.0000         -nan       0.0000         -nan      -nan
   54114.830617      -0.0000         -nan       0.0000         -nan      -nan
   54116.835981      -0.0000         -nan       0.0000         -nan      -nan
   54120.835376      -0.0000         -nan       0.0000         -nan      -nan
   54121.877940      -0.0000         -nan       0.0000         -nan      -nan
   54122.832745      -0.0000         -nan       0.0000         -nan      -nan
   54124.835989      -0.0000         -nan       0.0000         -nan      -nan
   54139.849848      -0.0000         -nan       0.0000         -nan      -nan
   54143.859836      -0.0000         -nan       0.0000         -nan      -nan
   54153.864041      -0.0000         -nan       0.0000         -nan      -nan
   54327.069268     427.3807     566.0820     424.0706     566.0978    0.2932
   54327.176723    -545.6396     626.5152    -547.1033     626.5248    0.3570
   54328.172537   -1126.5017     465.4268   -1129.1954     465.4535    0.6072
   54329.014104    2025.8378     528.5455    2024.9602     528.5571    0.6273
   54329.160452    -774.9147     491.2990    -776.6729     491.3193    0.4140
   54330.109365    -829.9848     489.2861    -831.5652     489.3078    0.4448
   54331.185644   -1016.3131     878.9767   -1024.3546     878.9864    0.3966
   54332.005887       0.0001         -nan      -0.2391       8.7516    0.0240
   54332.079042     251.4328     501.3929     244.1814     501.4210    0.1374
   54332.212436    -986.9255     567.5094    -987.6870     567.5231    0.5533
   54333.141334    -750.7256     439.5852    -751.7855     439.6113    0.4085
   54333.219809   -1123.5293     442.9941   -1127.5511     443.0250    0.5503
   54334.011969      -1.3262         -nan    2353.6221     345.0566    0.5234
   54334.076988     262.7387     458.0562     259.5486     458.0843    0.1488
   54334.151855   -1140.8723     437.7961   -1143.6986     437.8252    0.5265
   54335.030782     181.5875     500.9763     179.8642     500.9939    0.1263
   54335.093246    -660.0542     607.9477    -662.6038     607.9627    0.4065
   54335.206386     -35.0803     573.9580     -39.6612     573.9780    0.0303
   54336.086550    -395.0460     486.4900    -394.9208     486.5079    0.2255
   54336.151581    -644.6022     506.6362    -646.5947     506.6552    0.3722
   54337.991166      -0.0000         -nan       0.0000         -nan      -nan
   54338.098563     -95.5174     533.3403     -98.7510     533.3585    0.0588
   54338.220432     339.0257     584.4123     336.5368     584.4256    0.2114
   54339.081801     193.4149     625.9080     188.3918     625.9218    0.1020
   54339.132267     285.6485     584.8991     282.9257     584.9121    0.1626
   54340.191186      67.3350     456.5934      62.1014     456.6252    0.0335
   54342.107974    -496.8020     427.6191    -507.6776     427.6562    0.1760
   54342.165531   -1057.6482     436.1223   -1066.6360     436.1447    0.3752
   54344.144538     279.8151     466.6534     275.4235     466.6778    0.1033
   54358.038062    -145.5958     463.7685    -143.1447     463.7843    0.1061
   54358.071695    -885.7561     533.5611    -886.8515     533.5759    0.5697
   54358.135919    -759.3828     457.7850    -760.7904     457.8098    0.4695
   54359.083823    -922.5889     433.4279    -925.3770     433.4545    0.4688
   54359.138207    -466.8105     433.2209    -472.4926     433.2530    0.2261
   54359.919368    -318.5256     481.6949    -321.6777     481.7173    0.2192
   54359.996993     -87.4427     472.1193     -91.8880     472.1502    0.0650
   54360.211783    -439.7102     465.8917    -441.9611     465.9168    0.2699
   54360.887610     551.9161     598.3503     552.1302     598.3603    0.3634
   54361.160972    -796.5105     498.0313    -798.2705     498.0512    0.5326
   54361.216848    -944.5345     555.7301    -946.2954     555.7460    0.6144
   54361.860825      -0.0000         -nan       0.0000         -nan      -nan
   54361.948813       0.1080         -nan     -75.8223     451.0571    0.0577
   54362.169117    -296.4916     557.4706    -295.7707     557.4834    0.2706
   54362.880633      -0.0404         -nan      96.4980     209.7351    0.0533
   54363.010028    -344.4542     410.0914    -347.5837     410.1289    0.2047
   54363.099807   -1403.6773     499.5498   -1408.4433     499.5746    0.7061
   54363.233566    -911.6296     628.0708    -914.5649     628.0854    0.6835
   54363.867530   -1350.5170     440.1664   -1356.2555     440.1969    0.5638
   54363.922113    -783.7482     484.6234    -787.2657     484.6461    0.5045
   54364.044786    -510.9238     432.1898    -513.1837     432.2198    0.3697
   54364.160226    -659.2873     420.2981    -682.3335     420.3422    0.2194
   54368.041842    -838.6758     512.1341    -841.4030     512.1521    0.6018
   54368.096319    -819.3774     549.8780    -819.6203     549.8911    0.6252
   54368.897419     754.2569     455.6698     747.9589     455.7045    0.3455
   54369.065793     625.3890     628.4483     620.4392     628.4627    0.3615
   54369.133857    1031.5228     584.9748    1030.6018     584.9873    0.5756
   54369.887826    8656.4395     456.8212    8652.1189     456.8329    0.6708
   54370.094450    -381.8636     475.4049    -381.4469     475.4233    0.2552
   54370.916703    -123.5644     475.5303    -125.9441     475.5567    0.1013
   54371.027501    -455.3572     437.8401    -459.9600     437.8751    0.3425
   54371.115939    -605.5730     447.7697    -607.4656     447.7986    0.4073
   54371.215042    -975.7556     514.2296    -979.4942     514.2497    0.5974
   54372.076773    -431.4229     467.1210    -431.2667     467.1432    0.4018
   54376.069273   -1150.9259     492.6381   -1150.9673     492.6555    0.6550
   54376.145977   -1059.1155     514.3211   -1059.7494     514.3388    0.6627
   54376.214248    -725.2158     605.2671    -726.9770     605.2788    0.4920
   54376.890447   -1684.2685     434.8523   -1691.4549     434.8855    0.6497
   54376.996982   -1108.8333     480.6830   -1111.1805     480.7048    0.6666
   54377.120904    -586.8873     474.0906    -587.1806     474.1119    0.4471
   54379.896162    -476.0090     598.7125    -478.9752     598.7291    0.4744
   54380.104011    -797.8791     450.7581    -799.0268     450.7829    0.5776
   54380.232538   -1836.9269     506.0644   -1849.7728     506.0979    0.6281
   54381.884236    -912.6349     585.4091    -913.1193     585.4214    0.6790
   54383.006401   -2047.2758     626.3867   -2049.3811     626.3983    0.8453
   54383.866921    -692.0190     589.9048    -695.3313     589.9220    0.6689
   54384.040258    -639.2975     537.0066    -643.4245     537.0257    0.5447
   54386.853808   -1558.8539     639.9288   -1569.1991     639.9481    0.5712
   54388.860451   -1045.3791     464.3282   -1050.1041     464.3572    0.6460
   54389.870875   -1150.3496     527.9081   -1155.1980     527.9318    0.7006
   54391.868050    -548.8785     533.9209    -552.7719     533.9409    0.4264
   54392.852392    -975.1185     475.9176    -980.6753     475.9463    0.6070
   54393.857552    -935.2446     518.5028    -940.3690     518.5279    0.6381
   54394.054548   -1081.8456     480.7775   -1083.3218     480.7980    0.6363
   54394.916237    -831.8419     622.6451    -835.2209     622.6587    0.6125
   54395.938779     -33.9205     997.0807     -54.9158     997.1034    0.0149
   54396.035877   -1286.0392     933.5235   -1287.5884     933.5285    0.5907
   54396.151227   -1129.7323     761.8874   -1135.4118     761.8992    0.4975
   54396.851539    -346.2912     459.0595    -349.5286     459.0872    0.2772
   54396.993552    -907.9117     458.9644    -912.5252     458.9959    0.6105
   54397.048353     -12.0563     638.8808     -14.9979     638.8939    0.0080
   54397.154204   -3533.7587     482.4998   -3562.1748     482.5434    0.6428
   54397.888667    -702.3508     475.9517    -712.4305     475.9831    0.3762
   54398.013865       2.1115     508.1322      -3.5252     508.1594    0.0025
   54398.090305   -2271.3163     451.1041   -2283.7042     451.1400    0.6740
   54398.837015    -956.2610     457.0330    -962.8737     457.0654    0.5176
   54402.023185   -1308.8934     541.8433   -1314.9069     541.8665    0.6530
   54403.034103   -2200.8327     670.1264   -2203.6726     670.1416    0.8177
   54405.005508   -1575.9831     501.1284   -1584.8738     501.1586    0.6644
   54405.927183   -2306.9301     511.3787   -2315.0906     511.4068    0.7753
   54406.907883   -3403.5965     449.7139   -3417.4014     449.7506    0.7118
   54407.841616   -1068.5591     481.4993   -1074.7466     481.5273    0.5914
   54408.931783   -2129.1440     588.8274   -2131.6745     588.8414    0.8001
   54409.888016   -1989.8201     449.7183   -2003.2738     449.7573    0.6730
   54449.848981   -1563.3667     542.9774   -1566.9026     542.9987    0.7666
   54458.951591   -1002.4873     665.5525   -1005.9778     665.5651    0.5726
   54464.980226    -596.6993     633.0393    -601.5069     633.0539    0.3948
   54468.853790     -57.6305     558.3392     -58.7761     558.3539    0.0623
   54472.924215      60.8949     564.1660      56.0803     564.1868    0.0468
   54477.876428    -237.1984     467.3737    -237.4406     467.3948    0.1904
   54478.915807    -296.8813     585.7370    -296.8374     585.7488    0.3115
   54481.899128     448.7872     900.2071     444.3124     900.2154    0.2602
   54721.979146    -857.9312     561.1468    -858.3301     561.1573    0.6383
   54722.130799    -123.4440     539.0211    -126.4083     539.0434    0.1294
   54722.964461    -605.7631     566.0235    -610.5477     566.0425    0.4483
   54723.150340    -379.1819     620.0494    -379.7030     620.0601    0.4083
   54728.888316    -638.7238     749.6401    -641.5753     749.6486    0.4451
   54729.115002     -24.1093     572.2428     -25.2609     572.2595    0.0303
   54729.992063    -755.8815     529.8006    -761.9996     529.8245    0.5372
   54730.867771      59.3479         -nan   -1091.5120     580.7846    0.7221
   54731.112905    -532.6027     506.9690    -535.3282     506.9891    0.4355
   54731.858816      69.4710     467.8137      63.3042     467.8483    0.0506
   54732.056065   -1242.5413     433.5716   -1249.9196     433.6056    0.5887
   54732.117206     701.4159     430.2904     638.8941     430.4733    0.2413
   54732.975148    -560.7754     515.3449    -565.0656     515.3688    0.4976
   54733.114483     133.1211     469.8323     132.7179     469.8587    0.1271
   54738.231546    -162.8870     637.3228    -163.9603     637.3336    0.1804
   54742.831602     616.0373     537.9085     612.1302     537.9333    0.5093
   54743.027685   -1489.5684     750.8961   -1490.0870     750.9025    0.8223
   54744.034301   -1363.0297     553.6880   -1362.2887     553.6992    0.7942
   54745.971025   -1345.5479     559.2333   -1348.6763     559.2515    0.7703
   54746.109845     341.5861     527.2546     340.5818     527.2724    0.2855
   54746.969733   -1441.0952     448.1524   -1450.6107     448.1878    0.6262
   54747.012534    -905.5475     491.1171    -910.8577     491.1427    0.6288
   54747.037456    -447.7894     495.5128    -449.4412     495.5360    0.4047
   54747.057180    -300.9714     488.0795    -301.8361     488.1021    0.3214
   54747.110852    -531.8465     465.9537    -536.9264     465.9852    0.3565
   54747.944900    -427.6248     473.6364    -433.5364     473.6666    0.3050
   54748.155688      95.4093     607.6796      93.4228     607.6919    0.0714
   54749.990436    -195.2435     718.1133    -198.5164     718.1220    0.1272
   54750.054532    -333.0379     626.5329    -332.4918     626.5418    0.2879
   54754.866813    -738.3452     505.0375    -750.5667     505.0722    0.3406
   54755.022698     410.0842     529.0359     405.6804     529.0571    0.2847
   54755.110949   -3722.9350     491.6101   -3726.2889     491.6311    0.7824
   54756.039912   -1565.5264     839.8551   -1572.4731     839.8655    0.5587
   54756.208894    -187.9455     919.0772    -216.3267     919.1042    0.0488
   54759.843448       8.1127     506.1165       6.3958     506.1391    0.0064
   54760.020326     134.4492     474.1158     133.0098     474.1383    0.0777
   54760.114982    -215.7253     552.0618    -217.1205     552.0776    0.1878
   54760.951581    -642.8536     533.8650    -644.8920     533.8818    0.6588
   54761.164093     732.7271     644.3241     730.0673     644.3341    0.4874
   54766.949102    -869.9676     567.4823    -874.8609     567.4995    0.5880
   54776.813932      89.5102     528.6470      87.7357     528.6666    0.0611
   54777.114146    -592.4122     678.5631    -598.7276     678.5792    0.3332
   54777.814296    -395.2563     483.0600    -397.3735     483.0840    0.3610
   54778.807330     258.3882     503.2442     238.1568     503.2894    0.0806
   54779.889474    -247.6140     759.1670    -281.1708     759.1973    0.0602
   54780.026488   -1343.2625     563.3222   -1349.9308     563.3431    0.6641
   54781.110710      -0.0000         -nan       0.0000         -nan      -nan
   54781.820937     -22.4662     476.4554     -27.5866     476.4857    0.0182
   54781.993015   -2414.4413     761.0271   -2419.6732     761.0372    0.6910
   54782.109602   -2125.7483     761.4946   -2135.1736     761.5117    0.6701
   54782.878280   -2172.7139     625.9198   -2176.8706     625.9317    0.7276
   54782.961587   -2512.5066     765.1176   -2521.4179     765.1331    0.6487
   54784.972068    -632.5499     445.7178    -637.9434     445.7442    0.2606
   54785.808638    -352.7975     521.3880    -359.0629     521.4144    0.2260
   54785.958383     760.0650     876.2360     758.7101     876.2395    0.4049
   54786.114890    -419.1965     746.4972    -422.6238     746.5075    0.3293
   54786.801530     435.9457     561.2952     432.9294     561.3114    0.2646
   54786.944743    -895.4472     559.5449    -899.1554     559.5637    0.5886
   54787.113039   -2045.7112     621.5242   -2051.0508     621.5418    0.7819
   54787.801133    -328.5120     506.5726    -331.9069     506.5961    0.2612
   54788.009055    -347.8813     608.6814    -353.4106     608.6999    0.2550
   54788.111388   -3375.4312     628.6719   -3376.4495     628.6836    0.8667
   54788.809424    -421.8597     532.2792    -426.9982     532.3021    0.3238
   54789.824058     168.8608     623.2681     165.8562     623.2818    0.1362
   54793.792379     152.9961     567.8372     149.8069     567.8540    0.1175
   54794.009876    -999.3920     643.2898   -1000.8033     643.3000    0.5658
   54794.887530   -1659.9465     498.6149   -1666.5004     498.6430    0.7391
   54795.838209   -3292.5472     528.4152   -3372.5192     528.5308    0.5004
   54798.831529   -1364.6242     519.9675   -1373.4584     519.9951    0.6273
   54799.819477   -1451.8129     600.1069   -1455.3074     600.1228    0.7480
   54800.842969   -2829.6705     626.2996   -2846.2631     626.3275    0.6666
   54801.825306   -1462.2799     540.3334   -1483.6073     540.3683    0.4292
   54802.053558   -1354.8836     622.3071   -1359.2920     622.3221    0.6995
   54802.887122    1166.9807     548.4633     960.8159     548.7108    0.1120
   54804.861224   -2676.5728     660.1368   -2676.6483     660.1443    0.8232
   54805.824508   -1479.1201     516.9151   -1483.4884     516.9386    0.7428
   54807.819816   -1777.4645     586.5244   -1782.7457     586.5459    0.7852
   54807.944722    -186.4748     596.6985    -188.9407     596.7133    0.1466
   54808.803814   -1308.9969     603.9350   -1318.0917     603.9554    0.5299
   54810.818032      98.1926         -nan  -13921.5806     501.0314    0.0456
   54811.814957   -1428.7964     770.7541   -1503.6671     770.8317    0.2362
   54811.944625    2116.7397     804.4560    2109.3796     804.4650    0.5984
   54813.900954   -2713.6058     646.8348   -2714.4493     646.8492    0.8596
   54814.002216   -1160.5564     729.7324   -1164.6485     729.7433    0.5489
   54816.808573    -332.4132     790.4880    -334.5763     790.4955    0.2324
   54816.945915    -893.6391     593.0168    -896.8977     593.0317    0.5359
   54817.795868   -1690.8055     442.5500   -1698.5457     442.5859    0.7105
   54818.793768   -1375.2850     514.9265   -1381.8497     514.9509    0.6768
   54818.918720   -1418.6253     660.0850   -1424.1203     660.1014    0.6476
   54819.939857    -173.0195     725.8829    -182.3990     725.9004    0.0835
   54820.870647   -1065.2298     565.8871   -1070.8598     565.9101    0.5822
   54820.928430    -510.4585     623.0797    -524.4901     623.1045    0.1899
   54821.811562   -1901.4913     519.8274   -1910.5003     519.8546    0.7382
   54822.020296   -1801.2021     635.0610   -1804.0796     635.0738    0.7096
   54822.801048   -1711.7108     505.0948   -1724.0298     505.1288    0.6551
   54828.796834    -630.9813     497.7881    -633.0378     497.8051    0.3929
   54833.799382   -2614.9259     467.5334   -2622.8180     467.5630    0.7826
   54833.898684   -1744.9004     532.4778   -1751.6325     532.5030    0.7176
   54834.864915    -700.3107     511.9614    -701.1184     511.9800    0.4849
   54835.932008   -2107.0399     532.8537   -2108.5304     532.8690    0.7403
   54841.808627   -2166.6815     562.7174   -2166.8939     562.7326    0.7854
   54844.878420   -3924.7080     474.2204   -3931.3346     474.2453    0.7654
   54845.807404   -1774.2648     472.7511   -1789.6444     472.7930    0.5895
   54850.813522   -1117.6353     546.8433   -1121.0813     546.8605    0.6166
   54851.829471   -1698.9926     706.5783   -1705.2038     706.5899    0.5999
   54852.906484    -572.6915     506.8034    -576.2378     506.8257    0.4546
   54854.885684   -1040.3057     537.5452   -1043.2377     537.5645    0.5382
   54857.888094   -1971.8303     494.8446   -1981.0658     494.8713    0.6806
   54858.811510    -755.4179     473.0502    -758.1322     473.0759    0.4966
   54859.832322   -2117.2695     436.0239   -2127.4497     436.0576    0.6380
